id	dg_X	dg_Y	status	deliveryNum	deliveryID	orderTime	startTime	start_X	start_Y	endTime	end_X	end_Y	totalOrderTime	travelTime
56	2.0	5.0	 	 	 	 	 	 	 	 	 	 	 	 
292	3.0	4.0	 	 	 	 	 	 	 	 	 	 	 	 
235	1.0	5.0	 	 	 	 	 	 	 	 	 	 	 	 
389	0.0	4.0	 	 	 	 	 	 	 	 	 	 	 	 
331	2.0	6.0	 	 	 	 	 	 	 	 	 	 	 	 
146	2.0	6.0	 	 	 	 	 	 	 	 	 	 	 	 
308	3.0	5.0	 	 	 	 	 	 	 	 	 	 	 	 
224	2.0	2.0	 	 	 	 	 	 	 	 	 	 	 	 
346	3.0	5.0	 	 	 	 	 	 	 	 	 	 	 	 
455	3.0	3.0	 	 	 	 	 	 	 	 	 	 	 	 
354	3.0	3.0	 	 	 	 	 	 	 	 	 	 	 	 
223	2.0	2.0	 	 	 	 	 	 	 	 	 	 	 	 
50	4.0	4.0	 	 	 	 	 	 	 	 	 	 	 	 
14	3.0	2.0	 	 	 	 	 	 	 	 	 	 	 	 
162	2.0	1.0	 	 	 	 	 	 	 	 	 	 	 	 
283	1.0	2.0	 	 	 	 	 	 	 	 	 	 	 	 
118	1.0	2.0	 	 	 	 	 	 	 	 	 	 	 	 
104	2.0	1.0	 	 	 	 	 	 	 	 	 	 	 	 
486	0.0	3.0	 	 	 	 	 	 	 	 	 	 	 	 
375	0.0	3.0	 	 	 	 	 	 	 	 	 	 	 	 
298	1.0	2.0	 	 	 	 	 	 	 	 	 	 	 	 
357	5.0	4.0	 	 	 	 	 	 	 	 	 	 	 	 
94	3.0	2.0	 	 	 	 	 	 	 	 	 	 	 	 
79	4.0	5.0	 	 	 	 	 	 	 	 	 	 	 	 
125	5.0	4.0	 	 	 	 	 	 	 	 	 	 	 	 
182	2.0	1.0	 	 	 	 	 	 	 	 	 	 	 	 
264	2.0	1.0	 	 	 	 	 	 	 	 	 	 	 	 
280	5.0	4.0	 	 	 	 	 	 	 	 	 	 	 	 
468	1.0	6.0	 	 	 	 	 	 	 	 	 	 	 	 
282	1.0	6.0	 	 	 	 	 	 	 	 	 	 	 	 
328	1.0	2.0	 	 	 	 	 	 	 	 	 	 	 	 
395	4.0	5.0	 	 	 	 	 	 	 	 	 	 	 	 
341	1.0	2.0	 	 	 	 	 	 	 	 	 	 	 	 
213	4.0	3.0	 	 	 	 	 	 	 	 	 	 	 	 
306	3.0	1.0	 	 	 	 	 	 	 	 	 	 	 	 
19	6.0	4.0	 	 	 	 	 	 	 	 	 	 	 	 
479	6.0	4.0	 	 	 	 	 	 	 	 	 	 	 	 
256	1.0	1.0	 	 	 	 	 	 	 	 	 	 	 	 
109	3.0	1.0	 	 	 	 	 	 	 	 	 	 	 	 
471	1.0	1.0	 	 	 	 	 	 	 	 	 	 	 	 
405	3.0	1.0	 	 	 	 	 	 	 	 	 	 	 	 
8	5.0	5.0	 	 	 	 	 	 	 	 	 	 	 	 
421	5.0	3.0	 	 	 	 	 	 	 	 	 	 	 	 
438	2.0	0.0	 	 	 	 	 	 	 	 	 	 	 	 
330	5.0	5.0	 	 	 	 	 	 	 	 	 	 	 	 
417	5.0	5.0	 	 	 	 	 	 	 	 	 	 	 	 
402	5.0	5.0	 	 	 	 	 	 	 	 	 	 	 	 
48	3.0	7.0	 	 	 	 	 	 	 	 	 	 	 	 
250	3.0	0.0	 	 	 	 	 	 	 	 	 	 	 	 
240	0.0	1.0	 	 	 	 	 	 	 	 	 	 	 	 
76	0.0	7.0	 	 	 	 	 	 	 	 	 	 	 	 
307	7.0	4.0	 	 	 	 	 	 	 	 	 	 	 	 
444	3.0	8.0	 	 	 	 	 	 	 	 	 	 	 	 
469	1.0	8.0	 	 	 	 	 	 	 	 	 	 	 	 
205	0.0	1.0	 	 	 	 	 	 	 	 	 	 	 	 
180	6.0	3.0	 	 	 	 	 	 	 	 	 	 	 	 
27	7.0	4.0	 	 	 	 	 	 	 	 	 	 	 	 
200	6.0	5.0	 	 	 	 	 	 	 	 	 	 	 	 
126	6.0	5.0	 	 	 	 	 	 	 	 	 	 	 	 
108	6.0	5.0	 	 	 	 	 	 	 	 	 	 	 	 
47	5.0	6.0	 	 	 	 	 	 	 	 	 	 	 	 
445	4.0	1.0	 	 	 	 	 	 	 	 	 	 	 	 
133	5.0	2.0	 	 	 	 	 	 	 	 	 	 	 	 
488	1.0	0.0	 	 	 	 	 	 	 	 	 	 	 	 
398	1.0	0.0	 	 	 	 	 	 	 	 	 	 	 	 
276	6.0	3.0	 	 	 	 	 	 	 	 	 	 	 	 
453	4.0	7.0	 	 	 	 	 	 	 	 	 	 	 	 
414	6.0	5.0	 	 	 	 	 	 	 	 	 	 	 	 
169	1.0	8.0	 	 	 	 	 	 	 	 	 	 	 	 
90	1.0	8.0	 	 	 	 	 	 	 	 	 	 	 	 
319	4.0	7.0	 	 	 	 	 	 	 	 	 	 	 	 
481	6.0	5.0	 	 	 	 	 	 	 	 	 	 	 	 
46	0.0	8.0	 	 	 	 	 	 	 	 	 	 	 	 
3	0.0	8.0	 	 	 	 	 	 	 	 	 	 	 	 
320	3.0	9.0	 	 	 	 	 	 	 	 	 	 	 	 
73	0.0	0.0	 	 	 	 	 	 	 	 	 	 	 	 
401	5.0	1.0	 	 	 	 	 	 	 	 	 	 	 	 
128	6.0	6.0	 	 	 	 	 	 	 	 	 	 	 	 
39	1.0	9.0	 	 	 	 	 	 	 	 	 	 	 	 
284	5.0	7.0	 	 	 	 	 	 	 	 	 	 	 	 
305	0.0	8.0	 	 	 	 	 	 	 	 	 	 	 	 
415	2.0	10.0	 	 	 	 	 	 	 	 	 	 	 	 
31	6.0	2.0	 	 	 	 	 	 	 	 	 	 	 	 
279	4.0	8.0	 	 	 	 	 	 	 	 	 	 	 	 
212	7.0	6.0	 	 	 	 	 	 	 	 	 	 	 	 
218	6.0	7.0	 	 	 	 	 	 	 	 	 	 	 	 
30	4.0	9.0	 	 	 	 	 	 	 	 	 	 	 	 
425	9.0	4.0	 	 	 	 	 	 	 	 	 	 	 	 
239	0.0	9.0	 	 	 	 	 	 	 	 	 	 	 	 
208	9.0	4.0	 	 	 	 	 	 	 	 	 	 	 	 
140	9.0	4.0	 	 	 	 	 	 	 	 	 	 	 	 
1	0.0	9.0	 	 	 	 	 	 	 	 	 	 	 	 
69	9.0	4.0	 	 	 	 	 	 	 	 	 	 	 	 
163	3.0	11.0	 	 	 	 	 	 	 	 	 	 	 	 
458	8.0	6.0	 	 	 	 	 	 	 	 	 	 	 	 
81	6.0	8.0	 	 	 	 	 	 	 	 	 	 	 	 
86	1.0	11.0	 	 	 	 	 	 	 	 	 	 	 	 
355	9.0	3.0	 	 	 	 	 	 	 	 	 	 	 	 
426	8.0	2.0	 	 	 	 	 	 	 	 	 	 	 	 
52	1.0	11.0	 	 	 	 	 	 	 	 	 	 	 	 
315	7.0	1.0	 	 	 	 	 	 	 	 	 	 	 	 
144	4.0	10.0	 	 	 	 	 	 	 	 	 	 	 	 
16	3.0	11.0	 	 	 	 	 	 	 	 	 	 	 	 
7	10.0	4.0	 	 	 	 	 	 	 	 	 	 	 	 
233	3.0	11.0	 	 	 	 	 	 	 	 	 	 	 	 
158	5.0	9.0	 	 	 	 	 	 	 	 	 	 	 	 
143	1.0	11.0	 	 	 	 	 	 	 	 	 	 	 	 
121	6.0	0.0	 	 	 	 	 	 	 	 	 	 	 	 
322	7.0	0.0	 	 	 	 	 	 	 	 	 	 	 	 
106	7.0	0.0	 	 	 	 	 	 	 	 	 	 	 	 
392	4.0	11.0	 	 	 	 	 	 	 	 	 	 	 	 
49	7.0	0.0	 	 	 	 	 	 	 	 	 	 	 	 
310	4.0	11.0	 	 	 	 	 	 	 	 	 	 	 	 
72	9.0	6.0	 	 	 	 	 	 	 	 	 	 	 	 
343	6.0	9.0	 	 	 	 	 	 	 	 	 	 	 	 
194	9.0	2.0	 	 	 	 	 	 	 	 	 	 	 	 
369	1.0	12.0	 	 	 	 	 	 	 	 	 	 	 	 
247	9.0	2.0	 	 	 	 	 	 	 	 	 	 	 	 
154	1.0	12.0	 	 	 	 	 	 	 	 	 	 	 	 
9	0.0	11.0	 	 	 	 	 	 	 	 	 	 	 	 
84	7.0	8.0	 	 	 	 	 	 	 	 	 	 	 	 
114	2.0	13.0	 	 	 	 	 	 	 	 	 	 	 	 
494	6.0	9.0	 	 	 	 	 	 	 	 	 	 	 	 
351	2.0	13.0	 	 	 	 	 	 	 	 	 	 	 	 
0	11.0	4.0	 	 	 	 	 	 	 	 	 	 	 	 
103	2.0	13.0	 	 	 	 	 	 	 	 	 	 	 	 
246	6.0	9.0	 	 	 	 	 	 	 	 	 	 	 	 
381	11.0	4.0	 	 	 	 	 	 	 	 	 	 	 	 
179	2.0	13.0	 	 	 	 	 	 	 	 	 	 	 	 
15	3.0	13.0	 	 	 	 	 	 	 	 	 	 	 	 
189	6.0	10.0	 	 	 	 	 	 	 	 	 	 	 	 
238	11.0	3.0	 	 	 	 	 	 	 	 	 	 	 	 
190	12.0	4.0	 	 	 	 	 	 	 	 	 	 	 	 
53	2.0	14.0	 	 	 	 	 	 	 	 	 	 	 	 
259	11.0	3.0	 	 	 	 	 	 	 	 	 	 	 	 
101	2.0	14.0	 	 	 	 	 	 	 	 	 	 	 	 
82	1.0	13.0	 	 	 	 	 	 	 	 	 	 	 	 
184	2.0	14.0	 	 	 	 	 	 	 	 	 	 	 	 
365	8.0	8.0	 	 	 	 	 	 	 	 	 	 	 	 
42	11.0	5.0	 	 	 	 	 	 	 	 	 	 	 	 
206	8.0	8.0	 	 	 	 	 	 	 	 	 	 	 	 
22	1.0	13.0	 	 	 	 	 	 	 	 	 	 	 	 
326	10.0	2.0	 	 	 	 	 	 	 	 	 	 	 	 
244	3.0	14.0	 	 	 	 	 	 	 	 	 	 	 	 
37	10.0	7.0	 	 	 	 	 	 	 	 	 	 	 	 
379	5.0	12.0	 	 	 	 	 	 	 	 	 	 	 	 
422	10.0	7.0	 	 	 	 	 	 	 	 	 	 	 	 
234	9.0	8.0	 	 	 	 	 	 	 	 	 	 	 	 
110	3.0	14.0	 	 	 	 	 	 	 	 	 	 	 	 
466	5.0	12.0	 	 	 	 	 	 	 	 	 	 	 	 
464	10.0	1.0	 	 	 	 	 	 	 	 	 	 	 	 
4	4.0	13.0	 	 	 	 	 	 	 	 	 	 	 	 
220	8.0	9.0	 	 	 	 	 	 	 	 	 	 	 	 
368	10.0	1.0	 	 	 	 	 	 	 	 	 	 	 	 
258	13.0	4.0	 	 	 	 	 	 	 	 	 	 	 	 
209	12.0	5.0	 	 	 	 	 	 	 	 	 	 	 	 
300	12.0	5.0	 	 	 	 	 	 	 	 	 	 	 	 
105	4.0	13.0	 	 	 	 	 	 	 	 	 	 	 	 
449	10.0	1.0	 	 	 	 	 	 	 	 	 	 	 	 
229	12.0	3.0	 	 	 	 	 	 	 	 	 	 	 	 
374	2.0	15.0	 	 	 	 	 	 	 	 	 	 	 	 
149	11.0	2.0	 	 	 	 	 	 	 	 	 	 	 	 
226	1.0	14.0	 	 	 	 	 	 	 	 	 	 	 	 
17	2.0	15.0	 	 	 	 	 	 	 	 	 	 	 	 
314	1.0	14.0	 	 	 	 	 	 	 	 	 	 	 	 
254	11.0	6.0	 	 	 	 	 	 	 	 	 	 	 	 
274	11.0	6.0	 	 	 	 	 	 	 	 	 	 	 	 
409	7.0	10.0	 	 	 	 	 	 	 	 	 	 	 	 
495	6.0	11.0	 	 	 	 	 	 	 	 	 	 	 	 
64	14.0	4.0	 	 	 	 	 	 	 	 	 	 	 	 
210	1.0	15.0	 	 	 	 	 	 	 	 	 	 	 	 
406	13.0	3.0	 	 	 	 	 	 	 	 	 	 	 	 
134	7.0	11.0	 	 	 	 	 	 	 	 	 	 	 	 
420	10.0	8.0	 	 	 	 	 	 	 	 	 	 	 	 
451	10.0	8.0	 	 	 	 	 	 	 	 	 	 	 	 
272	7.0	11.0	 	 	 	 	 	 	 	 	 	 	 	 
473	5.0	13.0	 	 	 	 	 	 	 	 	 	 	 	 
187	13.0	3.0	 	 	 	 	 	 	 	 	 	 	 	 
230	12.0	2.0	 	 	 	 	 	 	 	 	 	 	 	 
33	5.0	13.0	 	 	 	 	 	 	 	 	 	 	 	 
168	11.0	1.0	 	 	 	 	 	 	 	 	 	 	 	 
196	6.0	12.0	 	 	 	 	 	 	 	 	 	 	 	 
231	1.0	15.0	 	 	 	 	 	 	 	 	 	 	 	 
299	6.0	12.0	 	 	 	 	 	 	 	 	 	 	 	 
268	4.0	14.0	 	 	 	 	 	 	 	 	 	 	 	 
77	1.0	15.0	 	 	 	 	 	 	 	 	 	 	 	 
155	4.0	14.0	 	 	 	 	 	 	 	 	 	 	 	 
289	4.0	14.0	 	 	 	 	 	 	 	 	 	 	 	 
160	12.0	6.0	 	 	 	 	 	 	 	 	 	 	 	 
28	9.0	9.0	 	 	 	 	 	 	 	 	 	 	 	 
32	9.0	9.0	 	 	 	 	 	 	 	 	 	 	 	 
75	7.0	12.0	 	 	 	 	 	 	 	 	 	 	 	 
166	7.0	12.0	 	 	 	 	 	 	 	 	 	 	 	 
99	14.0	5.0	 	 	 	 	 	 	 	 	 	 	 	 
342	14.0	3.0	 	 	 	 	 	 	 	 	 	 	 	 
207	4.0	15.0	 	 	 	 	 	 	 	 	 	 	 	 
303	10.0	9.0	 	 	 	 	 	 	 	 	 	 	 	 
433	10.0	9.0	 	 	 	 	 	 	 	 	 	 	 	 
378	0.0	15.0	 	 	 	 	 	 	 	 	 	 	 	 
476	2.0	17.0	 	 	 	 	 	 	 	 	 	 	 	 
175	11.0	8.0	 	 	 	 	 	 	 	 	 	 	 	 
390	1.0	16.0	 	 	 	 	 	 	 	 	 	 	 	 
430	13.0	6.0	 	 	 	 	 	 	 	 	 	 	 	 
338	6.0	14.0	 	 	 	 	 	 	 	 	 	 	 	 
262	8.0	12.0	 	 	 	 	 	 	 	 	 	 	 	 
462	8.0	12.0	 	 	 	 	 	 	 	 	 	 	 	 
485	9.0	11.0	 	 	 	 	 	 	 	 	 	 	 	 
138	6.0	14.0	 	 	 	 	 	 	 	 	 	 	 	 
353	10.0	10.0	 	 	 	 	 	 	 	 	 	 	 	 
127	11.0	9.0	 	 	 	 	 	 	 	 	 	 	 	 
418	11.0	9.0	 	 	 	 	 	 	 	 	 	 	 	 
216	11.0	9.0	 	 	 	 	 	 	 	 	 	 	 	 
241	1.0	17.0	 	 	 	 	 	 	 	 	 	 	 	 
297	1.0	17.0	 	 	 	 	 	 	 	 	 	 	 	 
497	11.0	9.0	 	 	 	 	 	 	 	 	 	 	 	 
347	3.0	17.0	 	 	 	 	 	 	 	 	 	 	 	 
186	13.0	1.0	 	 	 	 	 	 	 	 	 	 	 	 
376	13.0	7.0	 	 	 	 	 	 	 	 	 	 	 	 
12	12.0	8.0	 	 	 	 	 	 	 	 	 	 	 	 
337	6.0	15.0	 	 	 	 	 	 	 	 	 	 	 	 
311	14.0	7.0	 	 	 	 	 	 	 	 	 	 	 	 
6	1.0	18.0	 	 	 	 	 	 	 	 	 	 	 	 
34	4.0	17.0	 	 	 	 	 	 	 	 	 	 	 	 
288	6.0	15.0	 	 	 	 	 	 	 	 	 	 	 	 
62	17.0	4.0	 	 	 	 	 	 	 	 	 	 	 	 
450	14.0	1.0	 	 	 	 	 	 	 	 	 	 	 	 
269	10.0	11.0	 	 	 	 	 	 	 	 	 	 	 	 
136	6.0	15.0	 	 	 	 	 	 	 	 	 	 	 	 
78	2.0	19.0	 	 	 	 	 	 	 	 	 	 	 	 
317	16.0	3.0	 	 	 	 	 	 	 	 	 	 	 	 
43	10.0	11.0	 	 	 	 	 	 	 	 	 	 	 	 
332	0.0	17.0	 	 	 	 	 	 	 	 	 	 	 	 
71	15.0	6.0	 	 	 	 	 	 	 	 	 	 	 	 
325	15.0	6.0	 	 	 	 	 	 	 	 	 	 	 	 
45	15.0	6.0	 	 	 	 	 	 	 	 	 	 	 	 
363	15.0	6.0	 	 	 	 	 	 	 	 	 	 	 	 
324	13.0	0.0	 	 	 	 	 	 	 	 	 	 	 	 
142	16.0	5.0	 	 	 	 	 	 	 	 	 	 	 	 
102	1.0	18.0	 	 	 	 	 	 	 	 	 	 	 	 
467	17.0	4.0	 	 	 	 	 	 	 	 	 	 	 	 
463	13.0	0.0	 	 	 	 	 	 	 	 	 	 	 	 
25	11.0	10.0	 	 	 	 	 	 	 	 	 	 	 	 
366	11.0	10.0	 	 	 	 	 	 	 	 	 	 	 	 
391	7.0	14.0	 	 	 	 	 	 	 	 	 	 	 	 
333	8.0	13.0	 	 	 	 	 	 	 	 	 	 	 	 
227	15.0	1.0	 	 	 	 	 	 	 	 	 	 	 	 
270	15.0	7.0	 	 	 	 	 	 	 	 	 	 	 	 
10	4.0	18.0	 	 	 	 	 	 	 	 	 	 	 	 
361	2.0	20.0	 	 	 	 	 	 	 	 	 	 	 	 
252	5.0	17.0	 	 	 	 	 	 	 	 	 	 	 	 
255	8.0	14.0	 	 	 	 	 	 	 	 	 	 	 	 
371	6.0	16.0	 	 	 	 	 	 	 	 	 	 	 	 
411	2.0	20.0	 	 	 	 	 	 	 	 	 	 	 	 
243	6.0	16.0	 	 	 	 	 	 	 	 	 	 	 	 
117	5.0	17.0	 	 	 	 	 	 	 	 	 	 	 	 
410	3.0	19.0	 	 	 	 	 	 	 	 	 	 	 	 
452	14.0	0.0	 	 	 	 	 	 	 	 	 	 	 	 
67	1.0	19.0	 	 	 	 	 	 	 	 	 	 	 	 
221	1.0	19.0	 	 	 	 	 	 	 	 	 	 	 	 
385	11.0	11.0	 	 	 	 	 	 	 	 	 	 	 	 
248	14.0	8.0	 	 	 	 	 	 	 	 	 	 	 	 
197	3.0	19.0	 	 	 	 	 	 	 	 	 	 	 	 
120	14.0	8.0	 	 	 	 	 	 	 	 	 	 	 	 
470	10.0	12.0	 	 	 	 	 	 	 	 	 	 	 	 
475	9.0	13.0	 	 	 	 	 	 	 	 	 	 	 	 
141	0.0	18.0	 	 	 	 	 	 	 	 	 	 	 	 
318	16.0	2.0	 	 	 	 	 	 	 	 	 	 	 	 
192	15.0	1.0	 	 	 	 	 	 	 	 	 	 	 	 
364	11.0	11.0	 	 	 	 	 	 	 	 	 	 	 	 
380	8.0	14.0	 	 	 	 	 	 	 	 	 	 	 	 
188	17.0	6.0	 	 	 	 	 	 	 	 	 	 	 	 
89	17.0	6.0	 	 	 	 	 	 	 	 	 	 	 	 
245	16.0	1.0	 	 	 	 	 	 	 	 	 	 	 	 
456	18.0	3.0	 	 	 	 	 	 	 	 	 	 	 	 
93	17.0	6.0	 	 	 	 	 	 	 	 	 	 	 	 
124	10.0	13.0	 	 	 	 	 	 	 	 	 	 	 	 
432	19.0	4.0	 	 	 	 	 	 	 	 	 	 	 	 
439	17.0	2.0	 	 	 	 	 	 	 	 	 	 	 	 
335	18.0	3.0	 	 	 	 	 	 	 	 	 	 	 	 
65	16.0	1.0	 	 	 	 	 	 	 	 	 	 	 	 
35	17.0	2.0	 	 	 	 	 	 	 	 	 	 	 	 
348	19.0	4.0	 	 	 	 	 	 	 	 	 	 	 	 
474	18.0	3.0	 	 	 	 	 	 	 	 	 	 	 	 
489	9.0	14.0	 	 	 	 	 	 	 	 	 	 	 	 
459	18.0	5.0	 	 	 	 	 	 	 	 	 	 	 	 
447	18.0	3.0	 	 	 	 	 	 	 	 	 	 	 	 
24	18.0	5.0	 	 	 	 	 	 	 	 	 	 	 	 
267	10.0	13.0	 	 	 	 	 	 	 	 	 	 	 	 
147	15.0	0.0	 	 	 	 	 	 	 	 	 	 	 	 
301	1.0	20.0	 	 	 	 	 	 	 	 	 	 	 	 
448	6.0	17.0	 	 	 	 	 	 	 	 	 	 	 	 
403	6.0	17.0	 	 	 	 	 	 	 	 	 	 	 	 
285	14.0	9.0	 	 	 	 	 	 	 	 	 	 	 	 
178	16.0	7.0	 	 	 	 	 	 	 	 	 	 	 	 
408	14.0	9.0	 	 	 	 	 	 	 	 	 	 	 	 
55	14.0	9.0	 	 	 	 	 	 	 	 	 	 	 	 
316	7.0	16.0	 	 	 	 	 	 	 	 	 	 	 	 
111	7.0	16.0	 	 	 	 	 	 	 	 	 	 	 	 
323	13.0	10.0	 	 	 	 	 	 	 	 	 	 	 	 
88	15.0	9.0	 	 	 	 	 	 	 	 	 	 	 	 
29	7.0	17.0	 	 	 	 	 	 	 	 	 	 	 	 
434	12.0	12.0	 	 	 	 	 	 	 	 	 	 	 	 
199	12.0	12.0	 	 	 	 	 	 	 	 	 	 	 	 
91	16.0	0.0	 	 	 	 	 	 	 	 	 	 	 	 
113	17.0	7.0	 	 	 	 	 	 	 	 	 	 	 	 
416	18.0	2.0	 	 	 	 	 	 	 	 	 	 	 	 
321	19.0	5.0	 	 	 	 	 	 	 	 	 	 	 	 
13	8.0	16.0	 	 	 	 	 	 	 	 	 	 	 	 
477	6.0	18.0	 	 	 	 	 	 	 	 	 	 	 	 
131	7.0	17.0	 	 	 	 	 	 	 	 	 	 	 	 
151	14.0	10.0	 	 	 	 	 	 	 	 	 	 	 	 
362	8.0	16.0	 	 	 	 	 	 	 	 	 	 	 	 
23	13.0	11.0	 	 	 	 	 	 	 	 	 	 	 	 
340	15.0	9.0	 	 	 	 	 	 	 	 	 	 	 	 
273	15.0	9.0	 	 	 	 	 	 	 	 	 	 	 	 
407	19.0	3.0	 	 	 	 	 	 	 	 	 	 	 	 
11	11.0	13.0	 	 	 	 	 	 	 	 	 	 	 	 
334	16.0	8.0	 	 	 	 	 	 	 	 	 	 	 	 
339	11.0	13.0	 	 	 	 	 	 	 	 	 	 	 	 
202	15.0	9.0	 	 	 	 	 	 	 	 	 	 	 	 
424	17.0	8.0	 	 	 	 	 	 	 	 	 	 	 	 
132	9.0	16.0	 	 	 	 	 	 	 	 	 	 	 	 
21	7.0	18.0	 	 	 	 	 	 	 	 	 	 	 	 
156	18.0	7.0	 	 	 	 	 	 	 	 	 	 	 	 
2	18.0	7.0	 	 	 	 	 	 	 	 	 	 	 	 
413	17.0	0.0	 	 	 	 	 	 	 	 	 	 	 	 
490	5.0	20.0	 	 	 	 	 	 	 	 	 	 	 	 
278	15.0	10.0	 	 	 	 	 	 	 	 	 	 	 	 
377	20.0	3.0	 	 	 	 	 	 	 	 	 	 	 	 
164	5.0	20.0	 	 	 	 	 	 	 	 	 	 	 	 
446	20.0	5.0	 	 	 	 	 	 	 	 	 	 	 	 
404	16.0	9.0	 	 	 	 	 	 	 	 	 	 	 	 
54	16.0	9.0	 	 	 	 	 	 	 	 	 	 	 	 
336	15.0	10.0	 	 	 	 	 	 	 	 	 	 	 	 
214	20.0	2.0	 	 	 	 	 	 	 	 	 	 	 	 
345	15.0	11.0	 	 	 	 	 	 	 	 	 	 	 	 
63	14.0	12.0	 	 	 	 	 	 	 	 	 	 	 	 
185	20.0	2.0	 	 	 	 	 	 	 	 	 	 	 	 
487	8.0	18.0	 	 	 	 	 	 	 	 	 	 	 	 
165	18.0	0.0	 	 	 	 	 	 	 	 	 	 	 	 
100	7.0	19.0	 	 	 	 	 	 	 	 	 	 	 	 
443	15.0	11.0	 	 	 	 	 	 	 	 	 	 	 	 
211	7.0	19.0	 	 	 	 	 	 	 	 	 	 	 	 
41	13.0	13.0	 	 	 	 	 	 	 	 	 	 	 	 
461	18.0	8.0	 	 	 	 	 	 	 	 	 	 	 	 
412	12.0	14.0	 	 	 	 	 	 	 	 	 	 	 	 
358	12.0	14.0	 	 	 	 	 	 	 	 	 	 	 	 
59	12.0	14.0	 	 	 	 	 	 	 	 	 	 	 	 
491	9.0	17.0	 	 	 	 	 	 	 	 	 	 	 	 
173	15.0	11.0	 	 	 	 	 	 	 	 	 	 	 	 
36	6.0	20.0	 	 	 	 	 	 	 	 	 	 	 	 
309	19.0	7.0	 	 	 	 	 	 	 	 	 	 	 	 
329	19.0	7.0	 	 	 	 	 	 	 	 	 	 	 	 
26	20.0	6.0	 	 	 	 	 	 	 	 	 	 	 	 
294	20.0	6.0	 	 	 	 	 	 	 	 	 	 	 	 
460	11.0	15.0	 	 	 	 	 	 	 	 	 	 	 	 
38	20.0	6.0	 	 	 	 	 	 	 	 	 	 	 	 
387	7.0	19.0	 	 	 	 	 	 	 	 	 	 	 	 
393	15.0	11.0	 	 	 	 	 	 	 	 	 	 	 	 
484	7.0	19.0	 	 	 	 	 	 	 	 	 	 	 	 
96	8.0	18.0	 	 	 	 	 	 	 	 	 	 	 	 
201	10.0	17.0	 	 	 	 	 	 	 	 	 	 	 	 
423	9.0	18.0	 	 	 	 	 	 	 	 	 	 	 	 
482	9.0	18.0	 	 	 	 	 	 	 	 	 	 	 	 
472	10.0	17.0	 	 	 	 	 	 	 	 	 	 	 	 
427	8.0	19.0	 	 	 	 	 	 	 	 	 	 	 	 
57	8.0	19.0	 	 	 	 	 	 	 	 	 	 	 	 
367	20.0	1.0	 	 	 	 	 	 	 	 	 	 	 	 
95	18.0	9.0	 	 	 	 	 	 	 	 	 	 	 	 
344	15.0	12.0	 	 	 	 	 	 	 	 	 	 	 	 
167	12.0	15.0	 	 	 	 	 	 	 	 	 	 	 	 
198	15.0	12.0	 	 	 	 	 	 	 	 	 	 	 	 
18	20.0	1.0	 	 	 	 	 	 	 	 	 	 	 	 
174	19.0	0.0	 	 	 	 	 	 	 	 	 	 	 	 
478	13.0	14.0	 	 	 	 	 	 	 	 	 	 	 	 
112	19.0	0.0	 	 	 	 	 	 	 	 	 	 	 	 
457	11.0	16.0	 	 	 	 	 	 	 	 	 	 	 	 
498	11.0	16.0	 	 	 	 	 	 	 	 	 	 	 	 
92	19.0	8.0	 	 	 	 	 	 	 	 	 	 	 	 
215	18.0	10.0	 	 	 	 	 	 	 	 	 	 	 	 
87	9.0	19.0	 	 	 	 	 	 	 	 	 	 	 	 
265	20.0	8.0	 	 	 	 	 	 	 	 	 	 	 	 
437	20.0	8.0	 	 	 	 	 	 	 	 	 	 	 	 
153	20.0	8.0	 	 	 	 	 	 	 	 	 	 	 	 
191	17.0	11.0	 	 	 	 	 	 	 	 	 	 	 	 
396	14.0	14.0	 	 	 	 	 	 	 	 	 	 	 	 
139	20.0	8.0	 	 	 	 	 	 	 	 	 	 	 	 
493	8.0	20.0	 	 	 	 	 	 	 	 	 	 	 	 
312	16.0	12.0	 	 	 	 	 	 	 	 	 	 	 	 
480	16.0	12.0	 	 	 	 	 	 	 	 	 	 	 	 
313	15.0	13.0	 	 	 	 	 	 	 	 	 	 	 	 
204	18.0	10.0	 	 	 	 	 	 	 	 	 	 	 	 
370	18.0	11.0	 	 	 	 	 	 	 	 	 	 	 	 
145	16.0	13.0	 	 	 	 	 	 	 	 	 	 	 	 
122	15.0	14.0	 	 	 	 	 	 	 	 	 	 	 	 
419	9.0	20.0	 	 	 	 	 	 	 	 	 	 	 	 
237	13.0	16.0	 	 	 	 	 	 	 	 	 	 	 	 
98	20.0	9.0	 	 	 	 	 	 	 	 	 	 	 	 
352	11.0	18.0	 	 	 	 	 	 	 	 	 	 	 	 
51	20.0	10.0	 	 	 	 	 	 	 	 	 	 	 	 
148	13.0	17.0	 	 	 	 	 	 	 	 	 	 	 	 
116	10.0	20.0	 	 	 	 	 	 	 	 	 	 	 	 
181	13.0	17.0	 	 	 	 	 	 	 	 	 	 	 	 
382	14.0	16.0	 	 	 	 	 	 	 	 	 	 	 	 
394	10.0	20.0	 	 	 	 	 	 	 	 	 	 	 	 
222	12.0	18.0	 	 	 	 	 	 	 	 	 	 	 	 
483	15.0	15.0	 	 	 	 	 	 	 	 	 	 	 	 
429	10.0	20.0	 	 	 	 	 	 	 	 	 	 	 	 
350	11.0	19.0	 	 	 	 	 	 	 	 	 	 	 	 
251	15.0	15.0	 	 	 	 	 	 	 	 	 	 	 	 
225	12.0	18.0	 	 	 	 	 	 	 	 	 	 	 	 
129	19.0	11.0	 	 	 	 	 	 	 	 	 	 	 	 
399	19.0	11.0	 	 	 	 	 	 	 	 	 	 	 	 
454	16.0	14.0	 	 	 	 	 	 	 	 	 	 	 	 
271	14.0	16.0	 	 	 	 	 	 	 	 	 	 	 	 
360	12.0	18.0	 	 	 	 	 	 	 	 	 	 	 	 
293	18.0	12.0	 	 	 	 	 	 	 	 	 	 	 	 
66	13.0	17.0	 	 	 	 	 	 	 	 	 	 	 	 
373	17.0	14.0	 	 	 	 	 	 	 	 	 	 	 	 
58	18.0	13.0	 	 	 	 	 	 	 	 	 	 	 	 
295	12.0	19.0	 	 	 	 	 	 	 	 	 	 	 	 
232	13.0	18.0	 	 	 	 	 	 	 	 	 	 	 	 
277	19.0	12.0	 	 	 	 	 	 	 	 	 	 	 	 
349	16.0	15.0	 	 	 	 	 	 	 	 	 	 	 	 
499	19.0	12.0	 	 	 	 	 	 	 	 	 	 	 	 
195	19.0	12.0	 	 	 	 	 	 	 	 	 	 	 	 
383	14.0	17.0	 	 	 	 	 	 	 	 	 	 	 	 
236	15.0	16.0	 	 	 	 	 	 	 	 	 	 	 	 
296	15.0	16.0	 	 	 	 	 	 	 	 	 	 	 	 
115	20.0	11.0	 	 	 	 	 	 	 	 	 	 	 	 
431	15.0	16.0	 	 	 	 	 	 	 	 	 	 	 	 
400	20.0	12.0	 	 	 	 	 	 	 	 	 	 	 	 
20	20.0	12.0	 	 	 	 	 	 	 	 	 	 	 	 
80	20.0	12.0	 	 	 	 	 	 	 	 	 	 	 	 
5	19.0	13.0	 	 	 	 	 	 	 	 	 	 	 	 
157	13.0	19.0	 	 	 	 	 	 	 	 	 	 	 	 
281	13.0	19.0	 	 	 	 	 	 	 	 	 	 	 	 
172	17.0	15.0	 	 	 	 	 	 	 	 	 	 	 	 
428	13.0	19.0	 	 	 	 	 	 	 	 	 	 	 	 
359	15.0	17.0	 	 	 	 	 	 	 	 	 	 	 	 
193	15.0	17.0	 	 	 	 	 	 	 	 	 	 	 	 
183	12.0	20.0	 	 	 	 	 	 	 	 	 	 	 	 
290	19.0	14.0	 	 	 	 	 	 	 	 	 	 	 	 
496	15.0	18.0	 	 	 	 	 	 	 	 	 	 	 	 
492	17.0	16.0	 	 	 	 	 	 	 	 	 	 	 	 
440	13.0	20.0	 	 	 	 	 	 	 	 	 	 	 	 
74	19.0	14.0	 	 	 	 	 	 	 	 	 	 	 	 
356	16.0	17.0	 	 	 	 	 	 	 	 	 	 	 	 
130	17.0	16.0	 	 	 	 	 	 	 	 	 	 	 	 
203	18.0	15.0	 	 	 	 	 	 	 	 	 	 	 	 
302	19.0	14.0	 	 	 	 	 	 	 	 	 	 	 	 
327	17.0	17.0	 	 	 	 	 	 	 	 	 	 	 	 
61	20.0	14.0	 	 	 	 	 	 	 	 	 	 	 	 
372	19.0	15.0	 	 	 	 	 	 	 	 	 	 	 	 
159	14.0	20.0	 	 	 	 	 	 	 	 	 	 	 	 
441	19.0	15.0	 	 	 	 	 	 	 	 	 	 	 	 
171	16.0	18.0	 	 	 	 	 	 	 	 	 	 	 	 
170	17.0	17.0	 	 	 	 	 	 	 	 	 	 	 	 
150	17.0	17.0	 	 	 	 	 	 	 	 	 	 	 	 
465	17.0	17.0	 	 	 	 	 	 	 	 	 	 	 	 
176	16.0	19.0	 	 	 	 	 	 	 	 	 	 	 	 
40	17.0	18.0	 	 	 	 	 	 	 	 	 	 	 	 
44	19.0	16.0	 	 	 	 	 	 	 	 	 	 	 	 
60	18.0	18.0	 	 	 	 	 	 	 	 	 	 	 	 
304	18.0	18.0	 	 	 	 	 	 	 	 	 	 	 	 
70	17.0	19.0	 	 	 	 	 	 	 	 	 	 	 	 
161	17.0	19.0	 	 	 	 	 	 	 	 	 	 	 	 
249	16.0	20.0	 	 	 	 	 	 	 	 	 	 	 	 
253	19.0	17.0	 	 	 	 	 	 	 	 	 	 	 	 
97	20.0	17.0	 	 	 	 	 	 	 	 	 	 	 	 
266	19.0	18.0	 	 	 	 	 	 	 	 	 	 	 	 
85	17.0	20.0	 	 	 	 	 	 	 	 	 	 	 	 
83	19.0	18.0	 	 	 	 	 	 	 	 	 	 	 	 
68	19.0	19.0	 	 	 	 	 	 	 	 	 	 	 	 
217	20.0	18.0	 	 	 	 	 	 	 	 	 	 	 	 
263	20.0	18.0	 	 	 	 	 	 	 	 	 	 	 	 
135	19.0	19.0	 	 	 	 	 	 	 	 	 	 	 	 
123	20.0	19.0	 	 	 	 	 	 	 	 	 	 	 	 
291	19.0	20.0	 	 	 	 	 	 	 	 	 	 	 	 
388	20.0	1.0	on route	1	starting	19	19	20	1	19	20	1	0	0
388	20.0	1.0	on deck	2	9844	19	28	15	5	38	12	12	19	10
137	12.0	6.0	on deck	2	3578	19	31	18	0	38	15	-4	19	7
152	20.0	0.0	on route	1	starting	19	19	20	0	19	20	0	0	0
152	20.0	0.0	on deck	2	4427	19	29	11	1	39	16	6	20	10
152	20.0	0.0	on deck	3	12718	19	29	11	1	36	13	6	17	7
261	2.0	4.0	on route	1	starting	19	19	2	4	19	2	4	0	0
261	2.0	4.0	on deck	2	295	19	31	14	4	38	16	9	19	7
442	2.0	0.0	on route	1	starting	19	19	2	0	19	2	0	0	0
442	2.0	0.0	on deck	2	2935	19	35	18	0	39	20	-2	20	4
107	4.0	0.0	on deck	2	10657	18	21	7	0	23	6	-1	5	2
107	4.0	0.0	on deck	3	10207	18	27	5	2	35	8	7	17	8
107	4.0	0.0	on deck	4	10214	18	27	5	2	38	10	6	20	11
257	16.0	0.0	on route	1	starting	18	18	16	0	18	16	0	0	0
257	16.0	0.0	on deck	2	2605	18	29	6	1	40	-1	1	22	11
257	16.0	0.0	on deck	3	2048	18	34	2	2	35	3	2	17	1
386	17.0	0.0	on deck	3	12185	18	31	11	1	37	11	7	19	6
435	19.0	1.0	on deck	2	14654	18	37	4	5	40	3	3	22	3
137	12.0	6.0	on deck	1	13781	17	22	13	4	37	15	-3	20	15
177	17.0	2.0	on route	1	starting	17	17	17	2	17	17	2	0	0
177	17.0	2.0	on deck	2	14951	17	25	10	3	39	17	-4	22	14
242	4.0	1.0	on deck	3	11975	17	21	1	0	34	7	7	17	13
287	9.0	1.0	on deck	2	9584	17	26	17	0	33	19	-5	16	7
386	17.0	0.0	on route	1	starting	17	18	17	0	18	17	0	1	0
386	17.0	0.0	on deck	2	13535	17	28	8	1	38	12	7	21	10
436	0.0	5.0	on deck	2	4425	17	32	11	1	40	17	-1	23	8
228	12.0	1.0	on deck	4	2346	16	21	7	1	36	1	-2	20	15
260	3.0	3.0	on route	1	starting	16	16	3	3	16	3	3	0	0
260	3.0	3.0	on deck	2	6954	16	25	12	3	29	11	6	13	4
260	3.0	3.0	on deck	3	13146	16	30	11	7	36	16	8	20	6
275	16.0	5.0	on route	1	starting	16	16	16	5	16	16	5	0	0
275	16.0	5.0	on deck	2	10726	16	32	2	7	40	4	13	24	8
286	0.0	2.0	on deck	4	11161	16	17	0	3	27	5	-2	11	10
384	15.0	4.0	on deck	3	2785	16	21	14	0	29	21	1	13	8
384	15.0	4.0	on deck	4	13217	16	18	14	3	28	20	1	12	10
436	0.0	5.0	on route	1	starting	16	17	0	5	17	0	5	1	0
119	10.0	3.0	on deck	2	3125	15	23	15	0	32	22	2	17	9
119	10.0	3.0	on deck	3	73	15	26	18	0	37	21	6	22	11
228	12.0	1.0	on route	1	starting	15	16	12	1	16	12	1	1	0
228	12.0	1.0	on deck	2	10134	15	31	2	2	38	-1	-2	23	7
228	12.0	1.0	on deck	3	11337	15	24	6	3	27	4	4	12	3
242	4.0	1.0	on route	1	starting	15	17	4	1	17	4	1	2	0
242	4.0	1.0	on deck	2	8993	15	26	5	1	40	12	8	25	14
286	0.0	2.0	on deck	3	13635	15	19	0	1	25	3	-2	10	6
384	15.0	4.0	on route	1	starting	15	16	15	4	16	15	4	1	0
384	15.0	4.0	on deck	2	14311	15	33	20	4	40	19	-2	25	7
119	10.0	3.0	on route	1	starting	14	15	10	3	15	10	3	1	0
219	1.0	0.0	on route	1	starting	14	14	1	0	14	1	0	0	0
219	1.0	0.0	on deck	2	7111	14	18	5	0	22	3	-2	8	4
219	1.0	0.0	on deck	3	10141	14	30	9	0	38	5	4	24	8
286	0.0	2.0	on route	1	starting	14	16	0	2	16	0	2	2	0
286	0.0	2.0	on deck	2	11322	14	33	6	3	40	-1	3	26	7
397	9.0	0.0	on deck	2	6983	14	21	16	0	34	10	5	20	13
397	9.0	0.0	on deck	3	9979	14	21	16	0	36	9	6	22	15
397	9.0	0.0	on deck	4	14443	14	25	14	2	29	15	5	15	4
