id	dg_X	dg_Y	deliveryNum	travelTimeToLoc	deliveryID	orderTime	start_X	start_Y	startTime	endTime	end_X	end_Y	totalOrderTime	travelTime
0	18	20	1	0	2125	0	18	13	7	28	13	13	28	21
0	18	20	3	4	8504	0	18	9	11	20	9	9	20	9
0	18	20	4	0	15179	0	9	9	20	24	9	13	24	4
0	18	20	5	0	4046	1	9	9	20	20	9	9	19	0
0	18	20	2	0	7547	0	13	13	28	33	13	18	33	5
1	18	28	1	0	8820	1	18	18	11	14	18	21	13	3
1	18	28	4	3	968	2	21	21	17	17	21	21	15	0
1	18	28	5	1	11929	2	21	22	18	19	22	22	17	1
1	18	28	3	1	5492	1	21	22	18	19	22	22	18	1
1	18	28	2	4	12210	1	21	22	18	26	22	15	25	8
2	9	10	1	0	11439	0	12	9	4	15	9	9	15	11
2	9	10	3	2	10980	0	12	7	6	11	7	7	11	5
2	9	10	4	0	3895	0	7	7	11	11	7	7	11	0
2	9	10	5	0	10045	0	7	7	11	11	7	7	11	0
2	9	10	2	0	477	0	9	9	15	18	9	12	18	3
5	12	16	1	0	2485	1	12	10	7	21	18	2	20	14
5	12	16	2	12	5420	3	18	4	19	29	12	0	26	10
5	12	16	4	0	5435	3	18	4	19	31	12	-2	28	12
5	12	16	3	0	15028	3	12	0	29	35	12	-6	32	6
10	6	0	1	0	10348	1	6	5	6	7	5	5	6	1
10	6	0	4	0	6290	1	5	5	7	7	5	5	6	0
10	6	0	2	1	12563	1	5	5	7	7	5	5	6	0
10	6	0	3	0	2755	1	5	5	7	7	5	5	6	0
10	6	0	5	8	6021	1	5	-3	15	23	-3	-3	22	8
12	6	8	1	0	11628	0	0	8	6	37	8	-3	37	31
12	6	8	2	5	6150	0	-3	6	11	32	6	0	32	21
12	6	8	3	13	7395	3	9	5	24	26	9	3	23	2
15	15	15	1	0	10845	0	15	10	5	10	10	10	10	5
15	15	15	2	5	6858	0	10	10	10	10	10	10	10	0
15	15	15	3	0	12982	0	10	10	10	10	10	10	10	0
15	15	15	4	0	660	0	10	10	10	10	10	10	10	0
15	15	15	5	1	10664	0	10	9	11	12	9	9	12	1
18	9	5	1	0	11308	1	9	2	4	11	2	2	10	7
18	9	5	3	0	5219	1	9	2	4	11	2	2	10	7
18	9	5	2	0	7457	1	2	2	11	18	2	9	17	7
18	9	5	4	0	5760	1	2	2	11	11	2	2	10	0
18	9	5	5	0	8141	1	2	2	11	11	2	2	10	0
19	18	24	1	0	4305	1	18	13	12	17	13	13	16	5
19	18	24	3	0	4113	1	13	13	17	17	13	13	16	0
19	18	24	4	0	1643	1	13	13	17	17	13	13	16	0
19	18	24	2	5	299	1	13	13	17	17	13	13	16	0
19	18	24	5	2	11523	1	13	15	19	21	15	15	20	2
20	3	1	1	0	5468	0	0	12	14	38	12	0	38	24
20	3	1	2	2	4231	0	0	10	16	30	10	6	30	14
21	15	10	1	0	5737	0	15	5	5	27	5	15	27	22
21	15	10	2	5	6948	0	15	10	10	19	10	12	19	9
21	15	10	4	6	6363	3	12	13	16	40	6	9	37	24
21	15	10	3	10	13630	3	6	6	37	43	9	9	40	6
22	21	1	1	0	14777	1	18	1	4	32	24	3	31	28
22	21	1	2	10	786	3	9	2	14	21	15	3	18	7
22	21	1	3	4	5418	3	18	4	25	35	24	6	32	10
23	12	4	1	0	7994	0	12	0	4	16	0	0	16	12
23	12	4	4	0	7432	0	0	0	16	16	0	0	16	0
23	12	4	3	0	1812	0	0	0	16	16	0	0	16	0
23	12	4	2	12	8006	0	0	0	16	16	0	0	16	0
23	12	4	5	6	396	0	0	6	22	28	6	6	28	6
26	3	13	1	2	4519	0	3	11	2	10	3	19	10	0
26	3	13	3	6	9294	3	3	13	16	33	9	6	30	17
26	3	13	2	9	325	3	3	4	25	30	6	6	27	5
30	18	20	1	0	10834	3	15	10	16	32	18	5	29	16
30	18	20	2	4	14950	3	18	11	20	23	21	11	20	3
31	18	28	1	0	13359	3	18	18	13	34	15	24	31	21
31	18	28	2	10	2360	3	9	19	23	34	15	24	31	11
32	9	10	1	0	11666	3	9	9	4	40	15	17	37	36
32	9	10	2	10	6153	3	0	10	14	27	9	14	24	13
32	9	10	3	4	7191	3	9	18	31	32	9	19	29	1
35	12	16	1	0	13409	2	9	21	12	42	21	15	40	30
35	12	16	3	8	8991	3	12	16	20	27	12	9	24	7
35	12	16	2	1	14258	2	12	15	21	30	15	9	28	9
38	0	31	1	0	5912	3	0	19	15	22	6	18	19	7
38	0	31	2	10	3822	3	15	19	32	40	15	27	37	8
40	6	0	1	0	5312	2	12	3	11	38	3	15	36	27
40	6	0	2	6	12769	2	6	3	17	35	3	12	33	18
40	6	0	3	6	4827	3	9	6	23	26	9	9	23	3
42	6	8	1	0	10376	2	6	5	5	6	5	5	4	1
42	6	8	4	0	11741	2	5	5	6	6	5	5	4	0
42	6	8	2	1	4945	2	5	5	6	6	5	5	4	0
42	6	8	3	0	3769	2	5	5	6	6	5	5	4	0
42	6	8	5	8	8280	2	5	-3	14	22	-3	-3	20	8
45	15	15	1	0	8947	2	12	16	6	10	16	16	8	4
45	15	15	2	1	1711	2	16	15	11	12	15	15	10	1
45	15	15	3	5	529	2	15	10	17	30	10	10	28	13
45	15	15	4	7	4421	3	12	6	24	41	18	13	38	17
48	9	5	1	0	4422	3	12	6	7	20	6	3	17	13
48	9	5	2	0	6941	3	12	6	7	37	18	-2	34	30
48	9	5	3	5	14860	3	9	8	12	35	18	0	32	23
49	18	24	1	0	14924	3	12	16	17	30	21	20	27	13
49	18	24	2	6	1517	3	18	16	23	39	12	20	36	16
49	18	24	3	1	4187	3	18	17	24	42	9	20	39	18
50	3	1	1	0	1025	2	0	7	11	37	7	0	35	26
50	3	1	2	3	11648	2	0	10	14	25	10	9	23	11
51	15	10	4	0	10853	2	15	10	2	27	6	6	25	3
51	15	10	1	0	10955	2	6	3	18	21	3	3	19	3
51	15	10	3	0	3468	2	6	3	18	21	3	3	19	3
51	15	10	5	0	11850	2	6	3	18	21	3	3	19	3
51	15	10	2	0	4547	2	3	3	21	24	3	6	22	3
52	21	1	1	0	1493	3	18	6	11	26	21	12	23	15
52	21	1	2	7	3184	3	15	10	18	34	24	17	31	16
53	12	4	1	0	11643	2	18	5	11	26	5	5	24	15
53	12	4	3	7	15064	2	12	6	18	24	6	6	22	6
53	12	4	4	0	15061	2	6	6	24	24	6	6	22	0
53	12	4	5	0	9914	2	6	6	24	24	6	6	22	0
53	12	4	2	0	6920	2	5	5	26	33	5	12	31	7
56	3	13	1	0	9645	2	6	16	8	38	0	14	36	30
56	3	13	2	13	12759	3	6	3	21	27	6	9	24	6
0	0	0	950	0	9568	0	0	0	0	0	0	0	0	0
0	0	0	950	0	12423	0	0	0	0	0	0	0	0	0
0	0	0	950	0	7131	0	0	0	0	0	0	0	0	0
0	0	0	950	0	15231	0	0	0	0	0	0	0	0	0
