('dark_blue', [3053, 6777, 64452, 65535])
('dark_blue', [0, 9931, 64446, 65535])
('dark_green', [13357, 31432, 2496, 65535])
('grey', [33104, 33104, 33104, 65535])
('black', [0, 0, 0, 65535])
('yellow', [65535, 64308, 9295, 65535])
('light_blue', [26263, 64113, 64804, 65535])
('light_green', [26714, 62863, 4992, 65535])
('orange', [60435, 33895, 8022, 65535])
('purple', [29421, 7647, 32641, 65535])
('pink', [60351, 35689, 51575, 65535])
('red', [58183, 10772, 7461, 65535])
('dark_green', [13967, 32868, 2610, 65535])
('pink', [59999, 33086, 51247, 65535])
('yellow', [65391, 64921, 9267, 65535])
('light_blue', [26566, 64805, 64811, 65535])
('yellow', [65441, 65085, 32761, 65535])
('red', [58022, 7455, 7421, 65535])
('purple', [32933, 5626, 32777, 65535])
('orange', [60260, 32576, 7979, 65535])
('light_green', [27281, 64197, 5098, 65535])
('dark_blue', [1138, 0, 65384, 65535])
('dark_green', [4425, 32758, 1115, 65535])
('yellow', [65508, 65535, 3121, 65535])
('light_blue', [8971, 65510, 65468, 65535])
('light_green', [8849, 65510, 2238, 65535])
('orange', [64802, 32792, 2367, 65535])
('purple', [32769, 0, 32769, 65535])
('pink', [64827, 33340, 51406, 65535])
('red', [64514, 1002, 2003, 65535])
('dark_blue', [6746, 0, 65384, 65535])
('dark_green', [4627, 34255, 1169, 65535])
('pink', [64781, 30376, 51084, 65535])
('yellow', [64927, 65535, 3125, 65535])
('purple', [36804, 0, 32832, 65535])
('orange', [64779, 31329, 2340, 65535])
