id	dg_X	dg_Y	ave_X	ave_Y	status	deliveryNum	travelTimeToLoc	deliveryID	orderTime	start_X	start_Y	startTime	endTime	end_X	end_Y	totalOrderTime	travelTime
0	5	4			on deck	1	0	1342	16	5	5	17	24	11	6	8	7
0	18.0	12.0			on deck	2	8	1222	17	14	1	32	35	17	1	18	3
0	18.0	12.0			on deck	2	3	1546	33	15	0	38	40	15	-2	7	2
0	11	6			on deck	1	0	628	50	10	2	55	61	7	5	11	6
0	11	6			on deck	1	0	1116	63	11	7	64	76	5	13	13	12
0	11	6			on deck	1	0	521	81	11	2	85	93	8	7	12	8
0	11	6			on deck	1	0	991	94	11	8	96	111	19	1	17	15
0	11	6			on deck	1	0	1122	116	11	7	117	129	6	0	13	12
0	11	6			on deck	1	0	990	129	11	8	131	135	9	10	6	4
0	11	6			on deck	1	0	749	135	12	1	141	149	17	-2	14	8
0	11	6			on deck	1	0	1750	150	9	3	155	158	8	5	8	3
0	11	6			on deck	1	0	1110	158	11	7	159	168	17	4	10	9
0	11	6			on deck	1	0	827	176	12	5	178	181	15	5	5	3
0	11	6			on deck	1	0	1112	181	11	7	182	192	15	13	11	10
0	11	6			on deck	1	0	1111	192	11	7	193	206	5	14	14	13
0	11	6			on deck	1	0	996	210	11	8	212	219	14	12	9	7
0	11	6			on deck	1	0	1127	223	11	7	224	230	15	9	7	6
0	11	6			on deck	1	0	1741	230	9	3	235	245	15	7	15	10
0	11	6			on deck	1	0	519	251	11	2	255	259	12	5	8	4
0	11	6			on deck	1	0	537	267	11	2	271	279	4	1	12	8
0	11	6			on deck	1	0	1113	282	11	7	283	290	15	4	8	7
0	11	6			on deck	1	0	733	292	12	1	298	306	15	-4	14	8
0	11	6			on deck	1	0	1136	313	11	7	314	319	16	7	6	5
0	11	6			on deck	1	0	814	324	12	5	326	332	7	6	8	6
0	11	6			on deck	1	0	607	332	10	2	337	350	17	-4	18	13
0	11	6			on deck	1	0	513	350	11	2	354	364	5	-2	14	10
1	12.0	14.0			on deck	1	0	1785	14	5	7	17	28	9	14	14	11
1	12.0	14.0			on deck	2	5	767	20	8	10	33	37	8	6	17	4
2	15	6			on deck	1	0	1039	14	17	5	17	23	15	9	9	6
2	15	6			on deck	2	14	1346	17	5	5	37	40	8	5	23	3
2	15	9			on deck	1	0	486	45	15	9	45	55	9	13	10	10
2	15	9			on deck	1	0	131	55	16	6	59	65	11	7	10	6
2	15	9			on deck	1	0	497	66	15	9	66	69	13	8	3	3
2	15	9			on deck	1	0	1191	71	18	9	74	79	23	9	8	5
2	15	9			on deck	1	0	501	91	15	9	91	99	18	14	8	8
2	15	9			on deck	1	0	41	99	15	6	102	111	18	12	12	9
2	15	9			on deck	1	0	503	116	15	9	116	119	12	9	3	3
2	15	9			on deck	1	0	483	121	15	9	121	127	13	5	6	6
2	15	9			on deck	1	0	1051	127	14	7	130	140	17	14	13	10
2	15	9			on deck	1	0	985	142	18	9	145	153	17	2	11	8
2	15	9			on deck	1	0	942	165	13	10	168	173	14	14	8	5
2	15	9			on deck	1	0	509	177	15	9	177	187	22	12	10	10
2	15	9			on deck	1	0	974	196	18	9	199	207	11	10	11	8
2	15	9			on deck	1	0	480	215	15	9	215	220	15	14	5	5
2	15	9			on deck	1	0	502	222	15	9	222	228	15	15	6	6
2	15	9			on deck	1	0	134	229	16	6	233	237	14	8	8	4
2	15	9			on deck	1	0	499	258	15	9	258	260	16	10	2	2
2	15	9			on deck	1	0	482	274	15	9	274	283	13	16	9	9
2	15	9			on deck	1	0	958	286	13	10	289	297	17	6	11	8
2	15	9			on deck	1	0	504	306	15	9	306	315	20	13	9	9
2	15	9			on deck	1	0	505	329	15	9	329	340	19	2	11	11
2	15	9			on deck	1	0	498	350	15	9	350	356	20	8	6	6
2	15	9			on deck	1	0	489	358	15	9	358	362	15	13	4	4
3	26.0	1.0			on deck	1	12	938	7	13	10	12	26	17	6	19	14
3	13	7			on deck	2	0	1069	7	14	7	8	19	20	10	12	0
3	26.0	1.0			on deck	2	2	1561	21	16	5	28	39	21	-1	18	11
3	20	10			on deck	1	0	1249	39	20	9	40	51	14	14	12	11
3	20	10			on deck	1	0	183	51	18	10	53	59	20	6	8	6
3	20	10			on deck	1	0	201	62	18	10	64	72	24	12	10	8
3	20	10			on deck	1	0	968	72	18	9	75	81	20	5	9	6
3	20	10			on deck	1	0	1259	88	20	9	89	98	16	4	10	9
3	20	10			on deck	1	0	1257	107	20	9	108	115	14	8	8	7
3	20	10			on deck	1	0	1237	115	20	9	116	123	18	14	8	7
3	20	10			on deck	1	0	181	130	18	10	132	135	19	8	5	3
3	20	10			on deck	1	0	1240	142	20	9	143	149	19	4	7	6
3	20	10			on deck	1	0	1194	152	18	9	155	163	23	6	11	8
3	20	10			on deck	1	0	1195	164	18	9	167	167	18	9	3	0
3	20	10			on deck	1	0	1235	175	20	9	176	187	15	15	12	11
3	20	10			on deck	1	0	1253	192	20	9	193	199	20	15	7	6
3	20	10			on deck	1	0	1650	212	20	8	214	225	27	12	13	11
3	20	10			on deck	1	0	1233	225	20	9	226	233	14	8	8	7
3	20	10			on deck	1	0	1239	234	20	9	235	248	26	2	14	13
3	20	10			on deck	1	0	1252	255	20	9	256	261	18	12	6	5
3	20	10			on deck	1	0	1527	282	20	8	284	291	25	10	9	7
3	20	10			on deck	1	0	1674	318	20	8	320	326	19	13	8	6
3	20	10			on deck	1	0	1244	335	20	9	336	342	23	6	7	6
3	20	10			on deck	1	0	1256	343	20	9	344	354	26	5	11	10
3	20	10			on route	0	0	starting	357	20	10	357	360	18	9		3
3	20	10			on deck	1	0	989	357	18	9	360	371	14	16	14	11
4	34.0	0.0			on deck	1	0	435	13	18	3	17	29	25	-2	16	12
4	34.0	0.0			on deck	2	9	595	26	20	2	38	39	19	2	13	1
5	7	9			on deck	1	0	151	17	10	10	21	30	16	13	13	9
5	7	9			on deck	2	6	955	21	13	10	36	40	11	12	19	4
6	6.0	2.0			on deck	1	0	1692	25	1	4	29	33	3	2	8	4
6	6.0	2.0			on deck	2	4	1700	32	1	4	37	38	0	4	6	1
6	3	2			on deck	1	0	633	40	3	3	41	43	2	4	3	2
6	3	2			on deck	1	0	1601	46	4	0	49	53	3	-3	7	4
6	3	2			on deck	1	0	1442	67	3	1	68	72	5	-1	5	4
6	3	2			on deck	1	0	1451	74	3	1	75	86	9	6	12	11
6	3	2			on deck	1	0	654	87	3	3	88	94	4	-2	7	6
6	3	2			on deck	1	0	643	94	3	3	95	107	8	10	13	12
6	3	2			on deck	1	0	1452	112	3	1	113	123	7	7	11	10
6	3	2			on deck	1	0	353	138	3	5	141	150	9	8	12	9
6	3	2			on deck	1	0	81	154	3	3	155	158	5	4	4	3
6	3	2			on deck	1	0	636	158	3	3	159	167	9	5	9	8
6	3	2			on deck	1	0	72	167	3	3	168	178	8	8	11	10
6	3	2			on deck	1	0	647	180	3	3	181	185	2	0	5	4
6	3	2			on deck	1	0	82	189	3	3	190	192	5	3	3	2
6	3	2			on deck	1	0	642	195	3	3	196	208	8	10	13	12
6	3	2			on deck	1	0	105	209	3	3	210	221	10	7	12	11
6	3	2			on deck	1	0	1454	226	3	1	227	229	2	2	3	2
6	3	2			on deck	1	0	412	231	4	4	234	237	1	4	6	3
6	3	2			on deck	1	0	640	247	3	3	248	259	7	10	12	11
6	3	2			on deck	1	0	351	262	3	5	265	272	9	6	10	7
6	3	2			on deck	1	0	69	272	3	3	273	283	10	6	11	10
6	3	2			on deck	1	0	1459	284	3	1	285	289	6	2	5	4
6	3	2			on deck	1	0	339	290	3	5	293	301	2	-2	11	8
6	3	2			on deck	1	0	66	308	3	3	309	313	6	4	5	4
6	3	2			on deck	1	0	340	313	3	5	316	320	2	2	7	4
6	3	2			on deck	1	0	65	323	3	3	324	327	1	4	4	3
6	3	2			on deck	1	0	399	330	4	4	333	344	10	9	14	11
6	3	2			on deck	1	0	657	349	3	3	350	353	6	3	4	3
6	3	2			on deck	1	0	117	355	3	3	356	360	4	0	5	4
7	15	6			on deck	1	0	1562	14	16	5	16	22	17	0	8	6
7	15	6			on deck	2	7	322	16	10	0	29	36	4	-1	20	7
7	17	0			on deck	1	0	1547	36	15	0	38	41	15	-3	5	3
7	17	0			on deck	1	0	1538	45	15	0	47	57	21	-4	12	10
7	17	0			on deck	1	0	1228	65	14	1	69	77	20	3	12	8
7	17	0			on deck	1	0	1215	78	14	1	82	84	15	0	6	2
7	17	0			on deck	1	0	728	94	12	1	100	107	12	8	13	7
7	17	0			on deck	1	0	1221	113	14	1	117	125	18	-3	12	8
7	17	0			on deck	1	0	668	131	19	0	133	140	20	6	9	7
7	17	0			on deck	1	0	1555	141	15	0	143	153	18	-7	12	10
7	17	0			on deck	1	0	281	174	18	2	177	181	16	4	7	4
7	17	0			on deck	1	0	1541	184	15	0	186	189	16	2	5	3
7	17	0			on deck	1	0	1548	195	15	0	197	205	18	5	10	8
7	17	0			on deck	1	0	1206	215	14	1	219	230	18	8	15	11
7	17	0			on deck	1	0	868	231	19	1	234	235	20	1	4	1
7	17	0			on deck	1	0	1207	236	14	1	240	248	20	-1	12	8
7	17	0			on deck	1	0	1544	249	15	0	251	254	18	0	5	3
7	17	0			on deck	1	0	848	254	19	1	257	262	20	5	8	5
7	17	0			on deck	1	0	678	262	19	0	264	270	18	5	8	6
7	17	0			on deck	1	0	676	287	19	0	289	297	18	7	10	8
7	17	0			on deck	1	0	723	315	12	1	321	329	10	7	14	8
7	17	0			on deck	1	0	1559	332	15	0	334	338	18	1	6	4
7	17	0			on deck	1	0	1200	341	14	1	345	352	12	6	11	7
7	17	0			on deck	1	0	1553	356	15	0	358	363	18	-2	7	5
8	2	4			on deck	1	0	659	4	3	3	6	17	2	-1	13	5
8	2	4			on deck	2	12	1762	4	9	3	28	34	5	5	30	6
8	2	4			on deck	3	10	1326	4	-1	3	10	12	-1	1	8	2
8	2	4			on deck	4	3	1726	4	5	8	37	44	5	15	40	7
8	-1	1			on deck	1	0	1304	169	1	5	175	179	-1	3	10	4
8	-1	1			on deck	1	0	875	181	1	4	186	193	-1	-1	12	7
8	-1	1			on deck	1	0	888	263	1	4	268	276	4	-1	13	8
9	17.0	18.0			on deck	1	0	2	19	1	10	20	32	8	15	13	12
9	17.0	18.0			on deck	2	7	175	29	10	10	39	40	9	10	11	1
10	9	5			on deck	1	0	1629	20	9	10	25	36	15	15	16	11
11	2	8			on deck	1	0	1338	24	5	5	30	36	6	0	12	6
11	6	0			on deck	1	0	384	38	6	0	38	48	-1	-3	10	10
11	6	0			on deck	1	0	1602	50	4	0	52	55	3	2	5	3
11	6	0			on deck	1	0	1617	56	4	0	58	61	5	-2	5	3
11	6	0			on deck	1	0	378	71	6	0	71	80	0	-3	9	9
11	6	0			on deck	1	0	308	80	10	0	84	91	12	5	11	7
11	6	0			on deck	1	0	311	91	10	0	95	103	5	-3	12	8
11	6	0			on deck	1	0	315	106	10	0	110	123	17	-6	17	13
11	6	0			on deck	1	0	382	127	6	0	127	133	3	3	6	6
11	6	0			on deck	1	0	1388	141	9	1	145	153	7	7	12	8
11	6	0			on deck	1	0	1392	154	9	1	158	166	2	2	12	8
11	6	0			on deck	1	0	1596	169	4	0	171	176	6	-3	7	5
11	6	0			on deck	1	0	389	189	6	0	189	195	3	3	6	6
11	6	0			on deck	1	0	1387	195	9	1	199	210	14	7	15	11
11	6	0			on deck	1	0	314	210	10	0	214	221	6	-3	11	7
11	6	0			on deck	1	0	381	222	6	0	222	224	5	1	2	2
11	6	0			on deck	1	0	310	225	10	0	229	238	3	-2	13	9
11	6	0			on deck	1	0	375	238	6	0	238	244	1	-1	6	6
11	6	0			on deck	1	0	1404	244	9	1	248	256	15	-1	12	8
11	6	0			on deck	1	0	1414	258	9	1	262	268	7	5	10	6
11	6	0			on deck	1	0	1417	268	9	1	272	280	5	-3	12	8
11	6	0			on deck	1	0	304	287	10	0	291	302	15	-6	15	11
11	6	0			on deck	1	0	361	303	6	0	303	314	10	7	11	11
11	6	0			on deck	1	0	1395	315	9	1	319	328	16	-1	13	9
11	6	0			on deck	1	0	1385	339	9	1	343	349	3	1	10	6
11	6	0			on deck	1	0	1610	357	4	0	359	363	1	-1	6	4
12	11.0	7.0			on deck	1	0	1157	21	8	5	23	29	10	9	8	6
12	11.0	7.0			on deck	2	6	1160	24	8	5	35	39	10	7	15	4
12	10	9			on deck	1	0	167	43	10	10	44	54	16	6	11	10
12	10	9			on deck	1	0	170	75	10	10	76	78	10	8	3	2
12	10	9			on deck	1	0	1016	85	11	8	87	98	6	14	13	11
12	10	9			on deck	1	0	1000	124	11	8	126	138	18	3	14	12
12	10	9			on deck	1	0	993	148	11	8	150	161	16	2	13	11
12	10	9			on deck	1	0	168	168	10	10	169	174	12	13	6	5
12	10	9			on deck	1	0	172	190	10	10	191	198	13	14	8	7
12	10	9			on deck	1	0	157	198	10	10	199	202	12	9	4	3
12	10	9			on deck	1	0	164	203	10	10	204	215	17	14	12	11
12	10	9			on deck	1	0	1622	218	9	10	220	230	15	6	12	10
12	10	9			on deck	1	0	1011	233	11	8	235	248	5	15	15	13
12	10	9			on deck	1	0	171	253	10	10	254	259	14	11	6	5
12	10	9			on deck	1	0	1639	281	9	10	283	294	15	5	13	11
12	10	9			on deck	1	0	165	295	10	10	296	300	13	9	5	4
12	10	9			on deck	1	0	158	314	10	10	315	320	8	13	6	5
12	10	9			on deck	1	0	1004	322	11	8	324	333	15	3	11	9
12	10	9			on deck	1	0	1115	340	11	7	343	352	13	14	12	9
12	10	9			on deck	1	0	1003	356	11	8	358	364	13	12	8	6
13	17	6			on deck	5	1	1351	4	19	6	6	26	20	3	21	0
13	17	6			on deck	1	1	1283	5	19	3	9	9	19	3	4	0
13	17	6			on deck	2	0	906	5	26	6	35	38	25	8	34	3
13	17	6			on deck	3	8	915	5	20	2	25	35	26	6	30	10
13	17	6			on deck	4	0	928	5	19	3	9	17	17	-3	12	8
13	19	3			on deck	1	0	589	45	20	2	47	58	26	-3	13	11
13	19	3			on deck	1	0	442	58	18	3	59	63	17	0	5	4
13	19	3			on deck	1	0	584	63	20	2	65	68	20	-1	5	3
13	19	3			on deck	1	0	448	87	18	3	88	92	15	2	5	4
13	19	3			on deck	1	0	246	92	19	4	93	97	21	2	5	4
13	19	3			on deck	1	0	921	102	19	3	102	111	17	10	9	9
13	19	3			on deck	1	0	244	112	19	4	113	117	18	1	5	4
13	19	3			on deck	1	0	907	121	19	3	121	127	15	5	6	6
13	19	3			on deck	1	0	426	131	18	3	132	141	13	7	10	9
13	19	3			on deck	1	0	265	144	19	4	145	154	17	11	10	9
13	19	3			on deck	1	0	911	156	19	3	156	164	15	-1	8	8
13	19	3			on deck	1	0	925	170	19	3	170	180	26	6	10	10
13	19	3			on deck	1	0	1280	181	20	2	183	190	18	7	9	7
13	19	3			on deck	1	0	1266	190	20	2	192	204	14	8	14	12
13	19	3			on deck	1	0	437	225	18	3	226	237	11	7	12	11
13	19	3			on deck	1	0	914	246	19	3	246	252	21	-1	6	6
13	19	3			on deck	1	0	245	252	19	4	253	266	13	11	14	13
13	19	3			on deck	1	0	240	267	19	4	268	274	22	7	7	6
13	19	3			on deck	1	0	422	277	18	3	278	283	15	5	6	5
13	19	3			on deck	1	0	920	283	19	3	283	288	15	4	5	5
13	19	3			on deck	1	0	1262	292	20	2	294	302	24	6	10	8
13	19	3			on deck	1	0	253	308	19	4	309	309	19	4	1	0
13	19	3			on deck	1	0	243	309	19	4	310	316	24	5	7	6
13	19	3			on deck	1	0	1260	316	20	2	318	324	26	2	8	6
13	19	3			on deck	1	0	586	327	20	2	329	334	23	4	7	5
13	19	3			on deck	1	0	852	334	19	1	336	347	12	5	13	11
13	19	3			on deck	1	0	262	356	19	4	357	363	25	4	7	6
14	27.0	10.0			on deck	1	0	1285	14	20	2	20	30	25	7	16	10
14	27.0	10.0			on deck	2	6	1507	22	20	8	36	39	21	6	17	3
15	0	1			on deck	1	0	732	25	12	1	37	42	13	5	17	5
15	13	5			on deck	1	0	823	50	12	5	51	63	19	0	13	12
15	13	5			on deck	1	0	819	65	12	5	66	73	15	1	8	7
15	13	5			on deck	1	0	466	76	12	5	77	87	15	-2	11	10
15	13	5			on deck	1	0	826	89	12	5	90	95	8	6	6	5
15	13	5			on deck	1	0	455	95	12	5	96	109	19	-1	14	13
15	13	5			on deck	1	0	829	115	12	5	116	123	16	2	8	7
15	13	5			on deck	1	0	548	126	14	7	129	138	18	12	12	9
15	13	5			on deck	1	0	559	139	14	7	142	147	16	4	8	5
15	13	5			on deck	1	0	825	148	12	5	149	161	6	-1	13	12
15	13	5			on deck	1	0	811	169	12	5	170	181	16	-2	12	11
15	13	5			on deck	1	0	742	183	12	1	188	194	16	-1	11	6
15	13	5			on deck	1	0	529	194	11	2	199	206	16	0	12	7
15	13	5			on deck	1	0	565	206	14	7	209	216	19	9	10	7
15	13	5			on deck	1	0	735	219	12	1	224	236	18	7	17	12
15	13	5			on deck	1	0	816	237	12	5	238	242	8	5	5	4
15	13	5			on deck	1	0	818	259	12	5	260	264	12	9	5	4
15	13	5			on deck	1	0	820	266	12	5	267	273	17	6	7	6
15	13	5			on deck	1	0	1025	284	17	5	288	297	10	7	13	9
15	13	5			on deck	1	0	746	306	12	1	311	322	19	-3	16	11
15	13	5			on deck	1	0	737	324	12	1	329	337	5	0	13	8
15	13	5			on deck	1	0	470	337	12	5	338	347	15	11	10	9
15	13	5			on deck	1	0	511	351	11	2	356	365	7	7	14	9
16	3	5			on deck	1	0	894	20	1	4	23	37	8	11	17	14
16	8	11			on deck	1	0	173	90	10	10	93	103	7	17	13	10
16	8	11			on deck	1	0	772	103	8	10	104	110	7	15	7	6
16	8	11			on deck	1	0	778	131	8	10	132	138	11	13	7	6
16	8	11			on deck	1	0	766	155	8	10	156	166	13	15	11	10
16	8	11			on deck	1	0	1643	179	9	10	181	189	11	16	10	8
16	8	11			on deck	1	0	779	195	8	10	196	203	12	13	8	7
16	8	11			on deck	1	0	764	224	8	10	225	234	12	5	10	9
16	8	11			on deck	1	0	769	246	8	10	247	256	4	15	10	9
16	8	11			on deck	1	0	756	256	8	10	257	266	6	3	10	9
16	8	11			on deck	1	0	754	282	8	10	283	292	14	7	10	9
16	8	11			on deck	1	0	777	299	8	10	300	312	14	16	13	12
16	8	11			on deck	1	0	755	313	8	10	314	324	13	15	11	10
16	8	11			on deck	1	0	758	336	8	10	337	345	12	14	9	8
16	8	11			on deck	1	0	751	356	8	10	357	366	5	4	10	9
17	6	0			on deck	1	0	386	8	6	0	8	16	1	-3	8	8
17	13.0	4.0			on deck	2	8	388	8	6	0	24	33	10	5	25	9
17	13.0	4.0			on deck	2	3	1137	27	11	7	36	40	13	9	13	4
18	19.0	8.0			on deck	1	0	1130	13	11	7	14	28	18	14	15	14
18	19.0	8.0			on deck	2	8	1664	15	20	8	36	36	20	8	21	0
18	18	14			on deck	1	0	188	73	18	10	77	84	18	3	11	7
19	3	9			on deck	1	0	12	23	1	10	26	36	5	4	13	10
19	5	4			on deck	1	0	86	36	3	3	39	48	7	8	12	9
19	5	4			on deck	1	0	1782	50	5	7	53	57	4	4	7	4
19	5	4			on deck	1	0	1331	57	5	5	58	70	0	-2	13	12
19	5	4			on deck	1	0	1730	71	5	8	75	83	4	1	12	8
19	5	4			on deck	1	0	1710	85	5	8	89	98	2	14	13	9
19	5	4			on deck	1	0	1784	104	5	7	107	113	3	3	9	6
19	5	4			on deck	1	0	1344	114	5	5	115	121	7	9	7	6
19	5	4			on deck	1	0	396	121	4	4	122	127	0	3	6	5
19	5	4			on deck	1	0	1770	139	5	7	142	154	0	0	15	12
19	5	4			on deck	1	0	346	154	3	5	157	163	5	1	9	6
19	5	4			on deck	1	0	407	164	4	4	165	176	-1	-2	12	11
19	5	4			on deck	1	0	418	176	4	4	177	181	2	2	5	4
19	5	4			on deck	1	0	78	181	3	3	184	197	10	9	16	13
19	5	4			on deck	1	0	402	201	4	4	202	209	7	8	8	7
19	5	4			on deck	1	0	1486	210	6	7	214	224	11	12	14	10
19	5	4			on deck	1	0	330	226	3	5	229	237	1	-1	11	8
19	5	4			on deck	1	0	395	238	4	4	239	241	5	3	3	2
19	5	4			on deck	1	0	1728	248	5	8	252	259	4	2	11	7
19	5	4			on deck	1	0	1775	259	5	7	262	270	4	14	11	8
19	5	4			on deck	1	0	1789	270	5	7	273	282	10	11	12	9
19	5	4			on deck	1	0	1794	286	5	7	289	296	10	9	10	7
19	5	4			on deck	1	0	1712	299	5	8	303	314	0	14	15	11
19	5	4			on deck	1	0	350	314	3	5	317	321	1	3	7	4
19	5	4			on deck	1	0	1322	322	5	5	323	327	7	7	5	4
19	5	4			on deck	1	0	1343	327	5	5	328	339	10	11	12	11
19	5	4			on deck	1	0	1482	340	6	7	344	356	1	0	16	12
19	5	4			on deck	1	0	1324	356	5	5	357	371	12	12	15	14
20	18.0	-3.0			on deck	1	0	675	13	19	0	19	24	16	-2	11	5
20	18.0	-3.0			on deck	2	14	1607	21	4	0	38	40	2	0	19	2
21	3	10			on deck	1	0	23	19	1	10	21	31	-4	15	12	10
22	10	0			on deck	1	0	514	23	11	2	26	37	16	-4	14	11
23	13	5			on deck	1	0	478	10	12	5	11	19	19	6	9	8
23	13	5			on deck	2	14	1487	11	6	7	33	39	5	2	28	6
23	19	6			on deck	1	0	806	52	20	5	54	66	26	11	14	12
23	19	6			on deck	1	0	1367	80	19	6	80	87	13	5	7	7
23	19	6			on deck	1	0	1045	92	17	5	95	102	13	8	10	7
23	19	6			on deck	1	0	1369	107	19	6	107	108	19	7	1	1
23	19	6			on deck	1	0	796	108	20	5	110	121	26	0	13	11
23	19	6			on deck	1	0	1665	122	20	8	125	132	14	9	10	7
23	19	6			on deck	1	0	1377	137	19	6	137	143	16	9	6	6
23	19	6			on deck	1	0	1355	148	19	6	148	149	20	6	1	1
23	19	6			on deck	1	0	1374	154	19	6	154	156	18	5	2	2
23	19	6			on deck	1	0	1514	157	20	8	160	168	19	1	11	8
23	19	6			on deck	1	0	805	170	20	5	172	179	26	6	9	7
23	19	6			on deck	1	0	1651	195	20	8	198	205	20	1	10	7
23	19	6			on deck	1	0	1365	211	19	6	211	218	26	6	7	7
23	19	6			on deck	1	0	259	225	19	4	227	234	26	4	9	7
23	19	6			on deck	1	0	1376	239	19	6	239	240	20	6	1	1
23	19	6			on deck	1	0	1370	245	19	6	245	250	21	3	5	5
23	19	6			on deck	1	0	1373	253	19	6	253	261	15	10	8	8
23	19	6			on deck	1	0	258	278	19	4	280	285	15	5	7	5
23	19	6			on deck	1	0	1500	285	20	8	288	296	15	11	11	8
23	19	6			on deck	1	0	1362	297	19	6	297	305	16	11	8	8
23	19	6			on deck	1	0	1378	305	19	6	305	306	20	6	1	1
23	19	6			on deck	1	0	905	314	19	3	317	327	13	7	13	10
23	19	6			on deck	1	0	900	329	19	3	332	339	19	10	10	7
24	23.0	5.0			on deck	1	0	494	21	15	9	22	33	20	3	12	11
24	23.0	5.0			on deck	2	2	781	25	20	5	35	37	20	7	12	2
24	20	3			on deck	1	0	283	37	18	2	40	52	23	-5	15	12
24	20	3			on deck	1	0	274	54	18	2	57	60	20	1	6	3
24	20	3			on deck	1	0	449	60	18	3	62	67	16	0	7	5
24	20	3			on deck	1	0	1268	81	20	2	82	82	20	2	1	0
24	20	3			on deck	1	0	598	84	20	2	85	90	20	-3	6	5
24	20	3			on deck	1	0	597	91	20	2	92	106	26	10	15	14
24	20	3			on deck	1	0	1288	135	20	2	136	137	20	1	2	1
24	20	3			on deck	1	0	1265	137	20	2	138	140	21	1	3	2
24	20	3			on deck	1	0	1261	142	20	2	143	149	26	2	7	6
24	20	3			on deck	1	0	571	153	20	2	154	164	16	8	11	10
24	20	3			on deck	1	0	585	170	20	2	171	183	26	8	13	12
24	20	3			on deck	1	0	903	184	19	3	185	192	21	-2	8	7
24	20	3			on deck	1	0	902	199	19	3	200	206	20	8	7	6
24	20	3			on deck	1	0	590	217	20	2	218	220	21	3	3	2
24	20	3			on deck	1	0	438	225	18	3	227	240	25	-3	15	13
24	20	3			on deck	1	0	922	250	19	3	251	256	20	7	6	5
24	20	3			on deck	1	0	1279	256	20	2	257	261	23	3	5	4
24	20	3			on deck	1	0	570	272	20	2	273	280	22	7	8	7
24	20	3			on deck	1	0	599	284	20	2	285	293	15	5	9	8
24	20	3			on deck	1	0	588	297	20	2	298	305	27	2	8	7
24	20	3			on deck	1	0	579	306	20	2	307	312	15	2	6	5
24	20	3			on deck	1	0	1287	313	20	2	314	321	18	-3	8	7
24	20	3			on deck	1	0	1289	322	20	2	323	330	26	1	8	7
24	20	3			on deck	1	0	587	332	20	2	333	342	25	-2	10	9
24	20	3			on deck	1	0	1286	343	20	2	344	351	15	0	8	7
25	18	8			on deck	3	2	257	9	19	4	14	26	17	10	17	0
25	18	8			on deck	1	15	924	12	19	3	15	19	17	5	7	4
25	18	8			on deck	2	1	1020	12	16	5	20	24	17	8	12	4
25	18	8			on deck	4	1	203	12	18	10	27	31	18	6	19	4
25	18	8			on deck	5	4	207	12	18	10	35	43	24	12	31	8
25	17	5			on deck	1	0	1040	50	17	5	50	58	16	12	8	8
25	17	5			on deck	1	0	1183	64	18	9	69	78	14	14	14	9
25	17	5			on deck	1	0	1037	86	17	5	86	98	23	11	12	12
25	17	5			on deck	1	0	1363	98	19	6	101	109	12	5	11	8
25	17	5			on deck	1	0	1579	114	16	5	115	119	17	8	5	4
25	17	5			on deck	1	0	1048	129	17	5	129	134	21	4	5	5
25	17	5			on deck	1	0	1021	134	17	5	134	143	24	7	9	9
25	17	5			on deck	1	0	476	151	12	5	156	163	16	8	12	7
25	17	5			on deck	1	0	1028	173	17	5	173	177	19	7	4	4
25	17	5			on deck	1	0	1029	183	17	5	183	193	14	12	10	10
25	17	5			on deck	1	0	1585	193	16	5	194	196	16	7	3	2
25	17	5			on deck	1	0	456	196	12	5	201	208	16	8	12	7
25	17	5			on deck	1	0	1567	220	16	5	221	230	23	3	10	9
25	17	5			on deck	1	0	432	230	18	3	233	242	23	-1	12	9
25	17	5			on deck	1	0	1575	248	16	5	249	257	19	0	9	8
25	17	5			on deck	1	0	1576	257	16	5	258	271	23	11	14	13
25	17	5			on deck	1	0	1568	280	16	5	281	289	21	2	9	8
25	17	5			on deck	1	0	1026	297	17	5	297	307	10	8	10	10
25	17	5			on deck	1	0	1047	312	17	5	312	316	13	5	4	4
25	17	5			on deck	1	0	1372	320	19	6	323	328	22	4	8	5
25	17	5			on deck	1	0	137	331	16	6	333	343	20	12	12	10
25	17	5			on deck	1	0	149	344	16	6	346	349	18	7	5	3
25	17	5			on deck	1	0	1032	349	17	5	349	351	17	3	2	2
25	17	5			on deck	1	0	1036	353	17	5	353	356	18	3	3	3
26	17	2			on deck	1	6	1563	0	16	5	6	12	21	4	12	0
26	17	2			on deck	2	5	289	0	18	2	1	17	22	0	17	0
26	17	2			on deck	3	11	747	1	12	1	28	35	11	7	34	7
26	17	2			on deck	4	5	1624	1	9	10	40	41	9	9	40	1
26	21	4			on deck	1	0	802	45	20	5	47	58	25	11	13	11
26	21	4			on deck	1	0	267	59	19	4	61	69	17	-2	10	8
26	21	4			on deck	1	0	248	90	19	4	92	100	16	-1	10	8
26	21	4			on deck	1	0	260	115	19	4	117	128	25	-1	13	11
26	21	4			on deck	1	0	799	168	20	5	170	177	17	1	9	7
26	21	4			on deck	1	0	576	178	20	2	181	188	24	5	10	7
26	21	4			on deck	1	0	593	203	20	2	206	209	19	0	6	3
26	21	4			on deck	1	0	256	226	19	4	228	239	27	7	13	11
26	21	4			on deck	1	0	1269	254	20	2	257	267	24	8	13	10
26	21	4			on deck	1	0	591	287	20	2	290	298	25	5	11	8
26	21	4			on deck	1	0	261	319	19	4	321	330	26	2	11	9
26	21	4			on deck	1	0	592	335	20	2	338	342	22	0	7	4
27	1	3			on deck	1	4	401	0	4	4	4	7	2	3	7	3
27	1	3			on deck	5	5	118	0	3	3	2	28	5	3	27	0
27	1	3			on deck	2	3	1302	1	1	5	10	21	8	5	21	11
27	1	3			on deck	3	8	704	1	7	7	18	31	5	0	30	13
27	1	3			on deck	4	2	697	1	9	4	23	23	9	4	22	0
27	2	3			on deck	1	0	115	31	3	3	32	41	0	-3	10	9
27	2	3			on deck	1	0	338	41	3	5	44	55	10	9	14	11
27	2	3			on deck	1	0	630	62	3	3	63	77	-4	-4	15	14
27	2	3			on deck	1	0	1702	78	1	4	80	88	8	5	10	8
27	2	3			on deck	1	0	1315	91	1	5	94	96	1	3	5	2
27	2	3			on deck	1	0	348	97	3	5	100	113	10	11	16	13
27	2	3			on deck	1	0	1683	117	1	4	119	131	8	9	14	12
27	2	3			on deck	1	0	1680	137	1	4	139	149	7	8	12	10
27	2	3			on deck	1	0	1345	153	5	5	158	170	-1	-1	17	12
27	2	3			on deck	1	0	1310	170	1	5	173	184	7	10	14	11
27	2	3			on deck	1	0	417	188	4	4	191	200	11	6	12	9
27	2	3			on deck	1	0	895	200	1	4	202	213	7	9	13	11
27	2	3			on deck	1	0	882	213	1	4	215	220	4	2	7	5
27	2	3			on deck	1	0	76	222	3	3	223	227	0	2	5	4
27	2	3			on deck	1	0	1336	227	5	5	232	242	0	0	15	10
27	2	3			on deck	1	0	92	250	3	3	251	255	-1	3	5	4
27	2	3			on deck	1	0	886	255	1	4	257	257	1	4	2	0
27	2	3			on deck	1	0	88	257	3	3	258	264	7	5	7	6
27	2	3			on deck	1	0	102	264	3	3	265	267	2	2	3	2
27	2	3			on deck	1	0	336	267	3	5	270	278	5	-1	11	8
27	2	3			on deck	1	0	74	278	3	3	279	281	4	4	3	2
27	2	3			on deck	1	0	103	284	3	3	285	288	3	0	4	3
27	2	3			on deck	1	0	1699	288	1	4	290	299	6	0	11	9
27	2	3			on deck	1	0	1706	306	1	4	308	319	5	-3	13	11
27	2	3			on deck	1	0	655	323	3	3	324	326	2	4	3	2
27	2	3			on deck	1	0	94	326	3	3	327	333	2	-2	7	6
27	2	3			on deck	1	0	1319	338	1	5	341	349	7	7	11	8
27	2	3			on deck	1	0	112	349	3	3	350	359	9	6	10	9
27	2	3			on route	0	0	starting	359	2	3	359	360	3	3		1
27	2	3			on deck	1	0	656	359	3	3	360	364	6	4	5	4
28	9	4			on deck	1	0	415	22	4	4	27	32	6	1	10	5
28	6	1			on deck	1	0	1401	35	9	1	38	47	15	4	12	9
28	6	1			on deck	1	0	325	47	10	0	52	60	6	4	13	8
28	6	1			on deck	1	0	1438	62	9	1	65	72	3	0	10	7
28	6	1			on deck	1	0	611	75	10	2	80	86	8	6	11	6
28	6	1			on deck	1	0	1396	87	9	1	90	97	7	6	10	7
28	6	1			on deck	1	0	371	97	6	0	98	102	2	0	5	4
28	6	1			on deck	1	0	1437	105	9	1	108	115	5	-2	10	7
28	6	1			on deck	1	0	1383	129	9	1	132	138	11	5	9	6
28	6	1			on deck	1	0	1432	140	9	1	143	152	12	7	12	9
28	6	1			on deck	1	0	1394	153	9	1	156	161	5	0	8	5
28	6	1			on deck	1	0	317	162	10	0	167	172	15	0	10	5
28	6	1			on deck	1	0	650	181	3	3	186	189	0	3	8	3
28	6	1			on deck	1	0	539	193	11	2	199	207	5	4	14	8
28	6	1			on deck	1	0	1761	213	9	3	218	227	16	5	14	9
28	6	1			on deck	1	0	1743	228	9	3	233	239	12	6	11	6
28	6	1			on deck	1	0	1427	239	9	1	242	252	15	-3	13	10
28	6	1			on deck	1	0	1457	252	3	1	255	261	-1	3	9	6
28	6	1			on deck	1	0	1400	262	9	1	265	278	15	-6	16	13
28	6	1			on deck	1	0	1422	300	9	1	303	316	15	8	16	13
28	6	1			on deck	1	0	1411	316	9	1	319	325	9	7	9	6
28	6	1			on deck	1	0	1419	328	9	1	331	341	2	-2	13	10
28	6	1			on deck	1	0	360	348	6	0	349	354	3	2	6	5
28	6	1			on route	0	0	starting	357	6	1	357	363	12	1		6
28	6	1			on deck	1	0	738	357	12	1	363	370	12	8	13	7
29	6.0	-3.0			on deck	1	0	1318	21	1	5	23	31	3	-1	10	8
29	6.0	-3.0			on deck	2	4	101	26	3	3	35	39	-1	3	13	4
29	3	-1			on deck	1	0	1604	45	4	0	47	58	-2	-5	13	11
29	3	-1			on deck	1	0	1463	71	3	1	73	78	6	3	7	5
29	3	-1			on deck	1	0	1590	80	4	0	82	86	2	2	6	4
29	3	-1			on deck	1	0	1611	119	4	0	121	124	4	3	5	3
29	3	-1			on deck	1	0	1614	144	4	0	146	153	0	-3	9	7
29	3	-1			on deck	1	0	1616	156	4	0	158	160	5	-1	4	2
29	3	-1			on deck	1	0	645	168	3	3	172	182	10	6	14	10
29	3	-1			on deck	1	0	1594	201	4	0	203	207	4	4	6	4
29	3	-1			on deck	1	0	1618	216	4	0	218	220	5	1	4	2
29	3	-1			on deck	1	0	1595	229	4	0	231	242	-2	-5	13	11
29	3	-1			on deck	1	0	1615	248	4	0	250	262	9	7	14	12
29	3	-1			on deck	1	0	114	264	3	3	268	272	-1	3	8	4
29	3	-1			on deck	1	0	1608	277	4	0	279	284	5	4	7	5
29	3	-1			on deck	1	0	1603	322	4	0	324	327	2	-1	5	3
29	3	-1			on deck	1	0	1605	344	4	0	346	358	-2	-6	14	12
30	2	6			on deck	1	0	1317	20	1	5	22	34	8	10	14	12
30	8	10			on deck	1	0	160	52	10	10	54	62	11	17	10	8
30	8	10			on deck	1	0	1621	64	9	10	65	69	9	6	5	4
30	8	10			on deck	1	0	770	69	8	10	69	81	15	5	12	12
30	8	10			on deck	1	0	752	85	8	10	85	89	9	7	4	4
30	8	10			on deck	1	0	6	89	1	10	96	106	4	3	17	10
30	8	10			on deck	1	0	1628	108	9	10	109	113	9	14	5	4
30	8	10			on deck	1	0	759	117	8	10	117	122	9	14	5	5
30	8	10			on deck	1	0	768	125	8	10	125	128	9	12	3	3
30	8	10			on deck	1	0	1640	128	9	10	129	142	3	3	14	13
30	8	10			on deck	1	0	753	146	8	10	146	153	11	6	7	7
30	8	10			on deck	1	0	1721	154	5	8	159	169	2	15	15	10
30	8	10			on deck	1	0	4	174	1	10	181	189	3	16	15	8
30	8	10			on deck	1	0	1638	191	9	10	192	194	8	9	3	2
30	8	10			on deck	1	0	1641	194	9	10	195	199	11	8	5	4
30	8	10			on deck	1	0	773	205	8	10	205	210	7	14	5	5
30	8	10			on deck	1	0	1649	217	9	10	218	230	3	16	13	12
30	8	10			on deck	1	0	161	239	10	10	241	253	17	5	14	12
30	8	10			on deck	1	0	1626	253	9	10	254	258	9	14	5	4
30	8	10			on deck	1	0	763	262	8	10	262	264	7	11	2	2
30	8	10			on deck	1	0	776	280	8	10	280	285	12	11	5	5
30	8	10			on deck	1	0	750	288	8	10	288	297	13	14	9	9
30	8	10			on deck	1	0	19	297	1	10	304	314	-4	15	17	10
30	8	10			on deck	1	0	1642	315	9	10	316	322	14	11	7	6
30	8	10			on deck	1	0	775	331	8	10	331	341	12	16	10	10
30	8	10			on deck	1	0	20	343	1	10	350	361	6	16	18	11
31	2	4			on deck	1	13	1718	4	5	8	13	19	10	9	15	6
31	2	4			on deck	2	0	637	4	3	3	6	24	12	6	20	5
31	2	4			on deck	3	7	1646	4	9	10	31	36	7	13	32	5
31	10	9			on deck	1	0	1009	46	11	8	48	61	17	1	15	13
31	10	9			on deck	1	0	1635	67	9	10	69	79	15	14	12	10
31	10	9			on deck	1	0	156	79	10	10	80	85	13	8	6	5
31	10	9			on deck	1	0	155	86	10	10	87	96	14	15	10	9
31	10	9			on deck	1	0	992	133	11	8	135	142	17	9	9	7
31	10	9			on deck	1	0	1132	146	11	7	149	161	5	13	15	12
31	10	9			on deck	1	0	757	163	8	10	166	174	15	11	11	8
31	10	9			on deck	1	0	1008	178	11	8	180	192	5	14	14	12
31	10	9			on deck	1	0	995	192	11	8	194	200	15	6	8	6
31	10	9			on deck	1	0	1014	201	11	8	203	212	18	6	11	9
31	10	9			on deck	1	0	152	223	10	10	224	234	5	15	11	10
31	10	9			on deck	1	0	1001	237	11	8	239	245	13	12	8	6
31	10	9			on deck	1	0	1010	257	11	8	259	268	6	4	11	9
31	10	9			on deck	1	0	159	277	10	10	278	284	9	15	7	6
31	10	9			on deck	1	0	998	286	11	8	288	293	15	7	7	5
31	10	9			on deck	1	0	1005	295	11	8	297	301	13	10	6	4
31	10	9			on deck	1	0	1019	326	11	8	328	332	9	10	6	4
31	10	9			on deck	1	0	1006	333	11	8	335	347	16	1	14	12
31	10	9			on deck	1	0	150	354	10	10	355	360	14	9	6	5
32	5	4			on deck	1	0	394	16	4	4	17	25	9	7	9	8
32	15.0	10.0			on deck	2	3	1491	17	6	7	28	35	10	10	18	7
32	15.0	10.0			on deck	2	3	953	33	13	10	38	40	12	11	7	2
32	9	7			on deck	1	0	1119	50	11	7	52	58	9	11	8	6
32	9	7			on deck	1	0	1754	58	9	3	62	70	2	2	12	8
32	9	7			on deck	1	0	1135	72	11	7	74	81	11	14	9	7
32	9	7			on deck	1	0	715	88	9	4	91	99	2	3	11	8
32	9	7			on deck	1	0	1471	104	6	7	107	114	13	7	10	7
32	9	7			on deck	1	0	1139	120	11	7	122	130	11	15	10	8
32	9	7			on deck	1	0	1125	136	11	7	138	139	12	7	3	1
32	9	7			on deck	1	0	693	146	9	4	149	160	2	0	14	11
32	9	7			on deck	1	0	1478	168	6	7	171	182	2	14	14	11
32	9	7			on deck	1	0	1126	183	11	7	185	194	9	14	11	9
32	9	7			on deck	1	0	817	194	12	5	199	202	15	5	8	3
32	9	7			on deck	1	0	1480	204	6	7	207	214	5	13	10	7
32	9	7			on deck	1	0	1474	215	6	7	218	221	6	4	6	3
32	9	7			on deck	1	0	1745	226	9	3	230	237	8	9	11	7
32	9	7			on deck	1	0	1134	241	11	7	243	250	18	7	9	7
32	9	7			on deck	1	0	1780	253	5	7	257	264	9	10	11	7
32	9	7			on deck	1	0	1386	267	9	1	273	280	11	6	13	7
32	9	7			on deck	1	0	1123	283	11	7	285	290	7	6	7	5
32	9	7			on deck	1	0	1121	304	11	7	306	319	17	0	15	13
32	9	7			on deck	1	0	1114	328	11	7	330	337	17	8	9	7
32	9	7			on deck	1	0	1143	339	8	5	342	347	8	10	8	5
32	9	7			on deck	1	0	1490	350	6	7	353	362	8	14	12	9
33	11	6			on deck	1	0	56	21	15	6	25	36	21	11	15	11
33	21	11			on deck	1	0	1242	43	20	9	46	54	14	7	11	8
33	21	11			on deck	1	0	1255	57	20	9	60	66	19	14	9	6
33	21	11			on deck	1	0	1245	95	20	9	98	102	20	5	7	4
33	21	11			on deck	1	0	1241	121	20	9	124	130	21	4	9	6
33	21	11			on deck	1	0	1251	178	20	9	181	189	25	6	11	8
33	21	11			on deck	1	0	202	198	18	10	202	213	22	17	15	11
33	21	11			on deck	1	0	1504	286	20	8	290	297	20	15	11	7
33	21	11			on deck	1	0	184	339	18	10	343	351	19	3	12	8
34	24.0	3.0			on deck	1	0	669	12	19	0	18	25	20	6	13	7
34	24.0	3.0			on deck	2	5	48	22	15	6	30	36	17	10	14	6
34	20	6			on deck	1	0	1503	37	20	8	39	50	27	12	13	11
34	20	6			on deck	1	0	785	50	20	5	51	63	25	12	13	12
34	20	6			on deck	1	0	1528	68	20	8	70	83	14	15	15	13
34	20	6			on deck	1	0	1505	88	20	8	90	94	21	5	6	4
34	20	6			on deck	1	0	1513	95	20	8	97	109	13	13	14	12
34	20	6			on deck	1	0	1361	115	19	6	116	126	24	11	11	10
34	20	6			on deck	1	0	1375	127	19	6	128	134	16	3	7	6
34	20	6			on deck	1	0	1668	144	20	8	146	154	25	5	10	8
34	20	6			on deck	1	0	1258	156	20	9	159	162	20	6	6	3
34	20	6			on deck	1	0	791	168	20	5	169	180	16	12	12	11
34	20	6			on deck	1	0	804	181	20	5	182	190	16	9	9	8
34	20	6			on deck	1	0	793	192	20	5	193	202	26	8	10	9
34	20	6			on deck	1	0	790	225	20	5	226	238	15	-2	13	12
34	20	6			on deck	1	0	1254	241	20	9	244	253	25	5	12	9
34	20	6			on deck	1	0	1359	282	19	6	283	292	24	10	10	9
34	20	6			on deck	1	0	1519	318	20	8	320	323	17	8	5	3
34	20	6			on deck	1	0	1356	334	19	6	335	337	20	5	3	2
34	20	6			on deck	1	0	1234	339	20	9	342	353	25	3	14	11
35	21.0	14.0			on deck	1	0	975	3	18	9	3	11	20	15	8	8
35	21.0	14.0			on deck	2	16	667	4	19	0	27	37	15	-6	33	10
36	8	1			on deck	1	0	1426	16	9	1	17	27	2	-2	11	10
36	8	1			on deck	2	6	385	17	6	0	33	40	-1	0	23	7
36	2	-2			on deck	1	0	1455	204	3	1	208	211	4	3	7	3
37	11	8			on deck	1	0	154	13	10	10	16	26	16	6	13	10
37	11	8			on deck	2	9	536	16	11	2	35	38	11	5	22	3
37	16	6			on deck	1	0	145	44	16	6	44	53	23	8	9	9
37	16	6			on deck	1	0	231	53	15	6	54	63	18	0	10	9
37	16	6			on deck	1	0	1586	64	16	5	65	75	23	8	11	10
37	16	6			on deck	1	0	1024	75	17	5	77	85	15	-1	10	8
37	16	6			on deck	1	0	213	88	15	6	89	96	17	11	8	7
37	16	6			on deck	1	0	219	97	15	6	98	104	9	6	7	6
37	16	6			on deck	1	0	142	112	16	6	112	115	17	8	3	3
37	16	6			on deck	1	0	217	116	15	6	117	121	18	5	5	4
37	16	6			on deck	1	0	1065	122	14	7	125	135	17	0	13	10
37	16	6			on deck	1	0	1578	136	16	5	137	144	11	7	8	7
37	16	6			on deck	1	0	235	146	15	6	147	152	17	3	6	5
37	16	6			on deck	1	0	1582	157	16	5	158	162	16	1	5	4
37	16	6			on deck	1	0	1046	173	17	5	175	182	21	2	9	7
37	16	6			on deck	1	0	127	182	16	6	182	185	15	4	3	3
37	16	6			on deck	1	0	546	186	14	7	189	196	15	13	10	7
37	16	6			on deck	1	0	218	198	15	6	199	207	8	7	9	8
37	16	6			on deck	1	0	50	207	15	6	208	219	22	2	12	11
37	16	6			on deck	1	0	121	223	16	6	223	231	17	13	8	8
37	16	6			on deck	1	0	1023	232	17	5	234	236	18	6	4	2
37	16	6			on deck	1	0	36	237	15	6	238	246	20	9	9	8
37	16	6			on deck	1	0	1584	248	16	5	249	250	17	5	2	1
37	16	6			on deck	1	0	1564	254	16	5	255	261	21	4	7	6
37	16	6			on deck	1	0	128	262	16	6	262	271	22	3	9	9
37	16	6			on deck	1	0	31	274	15	6	275	278	13	7	4	3
37	16	6			on deck	1	0	138	279	16	6	279	285	21	7	6	6
37	16	6			on deck	1	0	1587	285	16	5	286	295	23	7	10	9
37	16	6			on deck	1	0	122	304	16	6	304	312	15	-1	8	8
37	16	6			on deck	1	0	32	321	15	6	322	327	20	6	6	5
37	16	6			on deck	1	0	233	327	15	6	328	336	10	9	9	8
37	16	6			on deck	1	0	1583	337	16	5	338	340	15	4	3	2
37	16	6			on deck	1	0	551	341	14	7	344	349	18	8	8	5
37	16	6			on deck	1	0	569	349	14	7	352	362	19	12	13	10
38	20	4			on deck	1	0	787	2	20	5	3	14	15	11	12	0
38	20	4			on deck	2	15	7	2	1	10	29	41	5	18	39	12
38	15	11			on deck	1	0	492	57	15	9	59	68	20	5	11	9
38	15	11			on deck	1	0	484	76	15	9	78	90	9	15	14	12
38	15	11			on deck	1	0	935	104	13	10	107	113	15	6	9	6
38	15	11			on deck	1	0	1077	117	14	7	122	133	10	14	16	11
38	15	11			on deck	1	0	949	146	13	10	149	161	7	16	15	12
38	15	11			on deck	1	0	930	177	13	10	180	191	18	4	14	11
38	15	11			on deck	1	0	506	205	15	9	207	215	9	11	10	8
38	15	11			on deck	1	0	507	217	15	9	219	224	17	6	7	5
38	15	11			on deck	1	0	186	245	18	10	249	257	11	9	12	8
38	15	11			on deck	1	0	939	273	13	10	276	281	8	10	8	5
38	15	11			on deck	1	0	495	290	15	9	292	302	8	12	12	10
38	15	11			on deck	1	0	491	313	15	9	315	320	11	10	7	5
38	15	11			on deck	1	0	954	329	13	10	332	341	7	7	12	9
39	0	0			on deck	1	0	1572	25	16	5	46	51	13	7	26	5
39	13	7			on deck	1	0	541	54	14	7	55	61	16	3	7	6
39	13	7			on deck	1	0	959	62	13	10	65	68	15	9	6	3
39	13	7			on deck	1	0	1070	81	14	7	82	84	15	8	3	2
39	13	7			on deck	1	0	1129	89	11	7	91	97	8	10	8	6
39	13	7			on deck	1	0	220	98	15	6	101	107	20	7	9	6
39	13	7			on deck	1	0	1055	109	14	7	110	121	20	2	12	11
39	13	7			on deck	1	0	552	122	14	7	123	132	7	5	10	9
39	13	7			on deck	1	0	464	136	12	5	139	141	14	5	5	2
39	13	7			on deck	1	0	948	145	13	10	148	158	7	6	13	10
39	13	7			on deck	1	0	1138	159	11	7	161	166	15	8	7	5
39	13	7			on deck	1	0	937	170	13	10	173	176	11	11	6	3
39	13	7			on deck	1	0	1131	181	11	7	183	191	7	11	10	8
39	13	7			on deck	1	0	214	191	15	6	194	208	8	13	17	14
39	13	7			on deck	1	0	1063	210	14	7	211	217	16	11	7	6
39	13	7			on deck	1	0	557	223	14	7	224	229	11	9	6	5
39	13	7			on deck	1	0	1057	232	14	7	233	240	11	11	8	7
39	13	7			on deck	1	0	567	254	14	7	255	261	15	12	7	6
39	13	7			on deck	1	0	941	267	13	10	270	271	12	10	4	1
39	13	7			on deck	1	0	1052	277	14	7	278	290	8	13	13	12
39	13	7			on deck	1	0	1007	296	11	8	299	303	12	5	7	4
39	13	7			on deck	1	0	540	308	14	7	309	314	13	11	6	5
39	13	7			on deck	1	0	815	324	12	5	327	332	11	9	8	5
39	13	7			on deck	1	0	58	332	15	6	335	342	21	5	10	7
39	13	7			on deck	1	0	544	347	14	7	348	356	12	13	9	8
39	13	7			on route	0	0	starting	359	13	7	359	361	11	7		2
39	13	7			on deck	1	0	1117	359	11	7	361	366	10	11	7	5
40	12	5			on deck	1	0	810	5	12	5	5	14	15	11	9	9
40	12	5			on deck	2	8	1655	5	20	8	22	33	13	12	28	11
40	15	11			on deck	1	0	488	37	15	9	39	39	15	9	2	0
40	15	11			on deck	1	0	487	49	15	9	51	64	22	15	15	13
40	15	11			on deck	1	0	199	109	18	10	113	120	13	12	11	7
40	15	11			on deck	1	0	485	122	15	9	124	128	18	10	6	4
40	15	11			on deck	1	0	944	150	13	10	153	157	11	12	7	4
40	15	11			on deck	1	0	204	165	18	10	169	177	11	11	12	8
40	15	11			on deck	1	0	931	213	13	10	216	224	18	13	11	8
40	15	11			on deck	1	0	936	275	13	10	278	283	12	14	8	5
40	15	11			on deck	1	0	952	331	13	10	334	339	16	8	8	5
41	0	8			on deck	1	0	457	25	12	5	40	50	10	13	25	10
41	10	13			on deck	1	0	162	93	10	10	96	105	17	12	12	9
41	10	13			on deck	1	0	179	157	10	10	160	173	4	3	16	13
41	10	13			on deck	1	0	176	340	10	10	343	350	14	13	10	7
42	19	5			on deck	1	0	1364	1	19	6	2	15	26	0	14	13
42	23.0	3.0			on deck	2	11	1556	2	15	0	26	35	21	3	33	9
42	23.0	3.0			on deck	2	3	789	28	20	5	38	40	21	6	12	2
43	5.0	4.0			on deck	1	0	531	9	11	2	9	16	6	0	7	7
43	5.0	4.0			on deck	2	0	374	10	6	0	16	22	1	-1	12	6
43	5.0	4.0			on deck	2	6	96	16	3	3	28	30	1	3	14	2
43	6	0			on deck	1	0	387	32	6	0	32	38	3	-3	6	6
43	6	0			on deck	1	0	1418	43	9	1	47	54	15	0	11	7
43	6	0			on deck	1	0	1592	57	4	0	59	66	-1	2	9	7
43	6	0			on deck	1	0	326	71	10	0	75	89	17	7	18	14
43	6	0			on deck	1	0	327	89	10	0	93	102	15	4	13	9
43	6	0			on deck	1	0	1390	106	9	1	110	116	9	7	10	6
43	6	0			on deck	1	0	365	134	6	0	134	142	0	-2	8	8
43	6	0			on deck	1	0	380	146	6	0	146	155	10	5	9	9
43	6	0			on deck	1	0	309	156	10	0	160	169	3	2	13	9
43	6	0			on deck	1	0	1447	169	3	1	173	178	6	-1	9	5
43	6	0			on deck	1	0	1606	187	4	0	189	202	-3	-6	15	13
43	6	0			on deck	1	0	329	202	10	0	206	213	5	2	11	7
43	6	0			on deck	1	0	318	215	10	0	219	227	17	1	12	8
43	6	0			on deck	1	0	379	232	6	0	232	240	-1	1	8	8
43	6	0			on deck	1	0	1612	240	4	0	242	243	4	-1	3	1
43	6	0			on deck	1	0	1381	243	9	1	247	256	4	-3	13	9
43	6	0			on deck	1	0	1613	259	4	0	261	264	4	3	5	3
43	6	0			on deck	1	0	1433	266	9	1	270	278	11	7	12	8
43	6	0			on deck	1	0	319	282	10	0	286	298	16	6	16	12
43	6	0			on deck	1	0	1428	302	9	1	306	314	3	-1	12	8
43	6	0			on deck	1	0	313	315	10	0	319	324	10	5	9	5
43	6	0			on deck	1	0	1403	338	9	1	342	352	16	4	14	10
44	7	1			on deck	1	0	1424	24	9	1	26	34	12	6	10	8
44	12	6			on deck	1	0	1128	37	11	7	39	47	17	9	10	8
44	12	6			on deck	1	0	999	50	11	8	53	60	17	9	10	7
44	12	6			on deck	1	0	451	61	12	5	62	74	6	-1	13	12
44	12	6			on deck	1	0	474	76	12	5	77	85	5	4	9	8
44	12	6			on deck	1	0	616	89	10	2	95	108	16	-5	19	13
44	12	6			on deck	1	0	722	112	12	1	117	127	15	8	15	10
44	12	6			on deck	1	0	460	127	12	5	128	138	17	10	11	10
44	12	6			on deck	1	0	461	145	12	5	146	157	19	1	12	11
44	12	6			on deck	1	0	813	157	12	5	158	161	9	5	4	3
44	12	6			on deck	1	0	828	174	12	5	175	187	7	12	13	12
44	12	6			on deck	1	0	1071	192	14	7	195	205	7	10	13	10
44	12	6			on deck	1	0	454	205	12	5	206	214	16	1	9	8
44	12	6			on deck	1	0	468	220	12	5	221	224	12	8	4	3
44	12	6			on deck	1	0	745	226	12	1	231	240	16	6	14	9
44	12	6			on deck	1	0	475	248	12	5	249	255	15	2	7	6
44	12	6			on deck	1	0	453	257	12	5	258	266	15	10	9	8
44	12	6			on deck	1	0	724	281	12	1	286	296	18	5	15	10
44	12	6			on deck	1	0	721	296	12	1	301	310	5	3	14	9
44	12	6			on deck	1	0	450	311	12	5	312	325	19	11	14	13
44	12	6			on deck	1	0	30	325	15	6	328	329	15	5	4	1
44	12	6			on deck	1	0	516	329	11	2	334	342	4	1	13	8
44	12	6			on deck	1	0	532	348	11	2	353	359	16	3	11	6
44	12	6			on route	0	0	starting	359	12	6	359	360	12	5		1
44	12	6			on deck	1	0	452	359	12	5	360	364	12	9	5	4
45	17	0			on deck	5	0	671	9	15	-4	35	42	21	-3	32	7
45	17	0			on deck	1	7	627	10	18	2	14	35	15	-4	25	21
45	17	0			on deck	2	0	286	10	21	-3	42	42	21	-3	33	0
45	17	0			on deck	3	7	661	10	19	0	11	50	25	1	40	1
45	17	0			on deck	4	6	148	10	16	6	20	27	18	1	17	7
45	18	1			on deck	1	0	910	50	19	3	53	62	24	-1	12	9
45	18	1			on deck	1	0	293	63	18	2	64	67	16	3	4	3
45	18	1			on deck	1	0	867	67	19	1	68	74	22	4	7	6
45	18	1			on deck	1	0	741	78	12	1	84	89	11	5	11	5
45	18	1			on deck	1	0	857	89	19	1	90	98	17	7	9	8
45	18	1			on deck	1	0	299	114	18	2	115	124	22	7	10	9
45	18	1			on deck	1	0	1220	137	14	1	141	151	21	4	14	10
45	18	1			on deck	1	0	736	151	12	1	157	166	19	-1	15	9
45	18	1			on deck	1	0	864	168	19	1	169	179	16	-6	11	10
45	18	1			on deck	1	0	291	182	18	2	183	192	13	6	10	9
45	18	1			on deck	1	0	729	197	12	1	203	212	15	7	15	9
45	18	1			on deck	1	0	276	212	18	2	213	223	22	-4	11	10
45	18	1			on deck	1	0	929	228	19	3	231	242	26	-1	14	11
45	18	1			on deck	1	0	843	245	19	1	246	258	27	-3	13	12
45	18	1			on deck	1	0	687	262	19	0	264	268	19	-4	6	4
45	18	1			on deck	1	0	844	273	19	1	274	282	16	6	9	8
45	18	1			on deck	1	0	284	282	18	2	283	292	13	6	10	9
45	18	1			on deck	1	0	863	295	19	1	296	302	18	6	7	6
45	18	1			on deck	1	0	862	302	19	1	303	310	20	7	8	7
45	18	1			on deck	1	0	275	312	18	2	313	320	21	-2	8	7
45	18	1			on deck	1	0	673	325	19	0	327	335	17	-6	10	8
45	18	1			on deck	1	0	1214	336	14	1	340	345	15	-3	9	5
45	18	1			on deck	1	0	1229	349	14	1	353	361	12	7	12	8
46	31.0	0.0			on deck	1	0	239	17	15	6	21	33	21	0	16	12
46	31.0	0.0			on deck	2	3	849	31	19	1	36	40	16	0	9	4
46	21	0			on deck	1	0	578	49	20	2	52	60	19	-5	11	8
46	21	0			on deck	1	0	845	61	19	1	64	72	25	3	11	8
46	21	0			on deck	1	0	1267	103	20	2	106	111	24	3	8	5
46	21	0			on deck	1	0	680	175	19	0	177	184	25	-1	9	7
46	21	0			on deck	1	0	666	196	19	0	198	205	25	1	9	7
46	21	0			on deck	1	0	679	221	19	0	223	231	22	-5	10	8
46	21	0			on deck	1	0	689	232	19	0	234	242	22	5	10	8
46	21	0			on deck	1	0	686	251	19	0	253	263	22	7	12	10
46	21	0			on deck	1	0	1281	285	20	2	288	295	20	9	10	7
46	21	0			on deck	1	0	682	297	19	0	299	310	23	-7	13	11
46	21	0			on deck	1	0	688	320	19	0	322	328	22	3	8	6
46	21	0			on deck	1	0	1264	334	20	2	337	348	24	-5	14	11
47	10	0			on deck	1	0	1671	22	20	8	40	48	14	6	26	8
47	14	6			on deck	1	0	1072	51	14	7	52	57	10	8	6	5
47	14	6			on deck	1	0	54	58	15	6	59	73	22	13	15	14
47	14	6			on deck	1	0	561	81	14	7	82	92	20	11	11	10
47	14	6			on deck	1	0	563	95	14	7	96	104	7	8	9	8
47	14	6			on deck	1	0	1076	105	14	7	106	114	19	10	9	8
47	14	6			on deck	1	0	38	115	15	6	116	123	22	6	8	7
47	14	6			on deck	1	0	553	124	14	7	125	134	19	11	10	9
47	14	6			on deck	1	0	558	134	14	7	135	137	14	9	3	2
47	14	6			on deck	1	0	55	139	15	6	140	146	18	3	7	6
47	14	6			on deck	1	0	211	146	15	6	147	155	19	10	9	8
47	14	6			on deck	1	0	232	170	15	6	171	184	21	-1	14	13
47	14	6			on deck	1	0	223	184	15	6	185	190	11	5	6	5
47	14	6			on deck	1	0	1573	190	16	5	193	199	16	-1	9	6
47	14	6			on deck	1	0	1068	199	14	7	200	207	12	12	8	7
47	14	6			on deck	1	0	212	210	15	6	211	219	10	9	9	8
47	14	6			on deck	1	0	224	224	15	6	225	230	17	9	6	5
47	14	6			on deck	1	0	467	231	12	5	234	246	17	-2	15	12
47	14	6			on deck	1	0	566	251	14	7	252	265	21	13	14	13
47	14	6			on deck	1	0	216	265	15	6	266	276	18	-1	11	10
47	14	6			on deck	1	0	53	276	15	6	277	288	21	1	12	11
47	14	6			on deck	1	0	42	289	15	6	290	298	16	-1	9	8
47	14	6			on deck	1	0	1058	303	14	7	304	311	11	11	8	7
47	14	6			on deck	1	0	833	317	12	5	320	331	19	9	14	11
47	14	6			on deck	1	0	471	331	12	5	334	338	15	4	7	4
47	14	6			on deck	1	0	538	339	11	2	346	355	5	-1	16	9
48	14	8			on deck	1	0	47	16	15	6	19	24	20	6	8	5
48	14	8			on deck	2	4	927	19	19	3	28	40	24	10	21	12
48	20	6			on deck	1	0	1236	43	20	9	46	48	22	9	5	2
48	20	6			on deck	1	0	783	48	20	5	49	53	21	2	5	4
48	20	6			on deck	1	0	1232	53	20	9	56	60	19	6	7	4
48	20	6			on deck	1	0	904	63	19	3	67	77	22	-4	14	10
48	20	6			on deck	1	0	1660	88	20	8	90	95	24	9	7	5
48	20	6			on deck	1	0	1230	95	20	9	98	102	19	12	7	4
48	20	6			on deck	1	0	1510	103	20	8	105	115	24	2	12	10
48	20	6			on deck	1	0	1360	120	19	6	121	126	18	2	6	5
48	20	6			on deck	1	0	1676	143	20	8	145	147	20	6	4	2
48	20	6			on deck	1	0	780	153	20	5	154	161	15	3	8	7
48	20	6			on deck	1	0	786	167	20	5	168	174	18	1	7	6
48	20	6			on deck	1	0	1231	176	20	9	179	185	22	13	9	6
48	20	6			on deck	1	0	808	190	20	5	191	199	22	-1	9	8
48	20	6			on deck	1	0	807	210	20	5	211	217	19	0	7	6
48	20	6			on deck	1	0	792	218	20	5	219	229	17	-2	11	10
48	20	6			on deck	1	0	441	229	18	3	234	241	25	3	12	7
48	20	6			on deck	1	0	1518	243	20	8	245	257	13	13	14	12
48	20	6			on deck	1	0	1358	282	19	6	283	290	14	8	8	7
48	20	6			on deck	1	0	1379	300	19	6	301	305	19	10	5	4
48	20	6			on deck	1	0	801	312	20	5	313	323	24	11	11	10
48	20	6			on deck	1	0	1035	326	17	5	330	340	14	12	14	10
49	8.0	4.0			on deck	1	0	1223	18	14	1	19	27	10	5	9	8
49	8.0	4.0			on deck	2	4	523	21	11	2	31	38	11	9	17	7
49	10	5			on deck	1	0	604	38	10	2	41	51	5	-3	13	10
49	10	5			on deck	1	0	1752	54	9	3	57	67	12	10	13	10
49	10	5			on deck	1	0	524	73	11	2	77	91	18	-5	18	14
49	10	5			on deck	1	0	609	91	10	2	94	101	15	4	10	7
49	10	5			on deck	1	0	812	101	12	5	103	109	14	9	8	6
49	10	5			on deck	1	0	612	114	10	2	117	125	7	7	11	8
49	10	5			on deck	1	0	836	132	12	5	134	147	19	11	15	13
49	10	5			on deck	1	0	530	147	11	2	151	159	12	9	12	8
49	10	5			on deck	1	0	302	160	10	0	165	170	6	1	10	5
49	10	5			on deck	1	0	822	176	12	5	178	185	16	8	9	7
49	10	5			on deck	1	0	1769	188	9	3	191	202	3	-2	14	11
49	10	5			on deck	1	0	615	205	10	2	208	216	7	7	11	8
49	10	5			on deck	1	0	625	223	10	2	226	233	5	0	10	7
49	10	5			on deck	1	0	1749	235	9	3	238	251	16	-3	16	13
49	10	5			on deck	1	0	608	251	10	2	254	264	14	8	13	10
49	10	5			on deck	1	0	517	265	11	2	269	277	4	1	12	8
49	10	5			on deck	1	0	525	284	11	2	288	295	15	-1	11	7
49	10	5			on deck	1	0	515	295	11	2	299	303	15	2	8	4
49	10	5			on deck	1	0	473	308	12	5	310	316	16	7	8	6
49	10	5			on deck	1	0	472	317	12	5	319	326	10	10	9	7
49	10	5			on deck	1	0	824	326	12	5	328	338	9	12	12	10
49	10	5			on deck	1	0	744	338	12	1	344	353	15	-5	15	9
49	10	5			on route	0	0	starting	356	10	5	356	360	11	2		4
49	10	5			on deck	1	0	520	356	11	2	360	367	16	4	11	7
50	12	4			on deck	1	0	782	17	20	5	26	34	21	-2	17	8
50	21	-2			on deck	1	0	858	35	19	1	40	51	12	5	16	11
50	21	-2			on deck	1	0	1282	232	20	2	237	246	26	5	14	9
51	18	9			on deck	1	0	195	10	18	10	11	23	11	5	13	12
51	18	9			on deck	2	11	872	11	1	4	34	40	2	-1	29	6
51	11	5			on deck	1	0	462	41	12	5	42	45	14	6	4	3
51	11	5			on deck	1	0	692	47	9	4	50	55	5	3	8	5
51	11	5			on deck	1	0	510	55	11	2	58	65	16	4	10	7
51	11	5			on deck	1	0	702	66	9	4	69	80	2	0	14	11
51	11	5			on deck	1	0	837	80	12	5	81	94	5	-1	14	13
51	11	5			on deck	1	0	301	94	10	0	100	109	4	3	15	9
51	11	5			on deck	1	0	839	117	12	5	118	122	9	6	5	4
51	11	5			on deck	1	0	730	126	12	1	131	141	9	8	15	10
51	11	5			on deck	1	0	459	141	12	5	142	152	18	9	11	10
51	11	5			on deck	1	0	832	153	12	5	154	167	5	-1	14	13
51	11	5			on deck	1	0	743	172	12	1	177	184	5	1	12	7
51	11	5			on deck	1	0	614	190	10	2	194	202	6	-2	12	8
51	11	5			on deck	1	0	830	204	12	5	205	215	5	2	11	10
51	11	5			on deck	1	0	1124	218	11	7	220	230	7	13	12	10
51	11	5			on deck	1	0	748	230	12	1	235	244	19	3	14	9
51	11	5			on deck	1	0	701	244	9	4	247	253	14	5	9	6
51	11	5			on deck	1	0	739	254	12	1	259	268	18	-2	14	9
51	11	5			on deck	1	0	710	269	9	4	272	285	2	-2	16	13
51	11	5			on deck	1	0	835	289	12	5	290	299	16	0	10	9
51	11	5			on deck	1	0	740	300	12	1	305	316	19	5	16	11
51	11	5			on deck	1	0	1118	316	11	7	318	320	11	5	4	2
51	11	5			on deck	1	0	518	321	11	2	324	333	9	9	12	9
51	11	5			on deck	1	0	522	334	11	2	337	347	6	-3	13	10
51	11	5			on deck	1	0	1156	347	8	5	350	361	15	9	14	11
52	12	2			on deck	1	0	132	22	16	6	30	41	23	10	19	11
52	23	10			on deck	1	0	1238	53	20	9	57	63	18	5	10	6
52	23	10			on deck	1	0	1250	97	20	9	101	110	27	7	13	9
53	17	8			on deck	1	0	254	16	19	4	22	31	16	-2	15	9
54	7	1			on deck	1	0	1558	24	15	0	33	42	18	6	18	9
54	18	6			on deck	1	0	1174	51	18	9	54	56	19	8	5	2
54	18	6			on deck	1	0	1079	56	14	7	61	67	9	8	11	6
54	18	6			on deck	1	0	1198	69	18	9	72	82	14	15	13	10
54	18	6			on deck	1	0	1354	85	19	6	86	93	16	2	8	7
54	18	6			on deck	1	0	1049	97	17	5	99	107	12	8	10	8
54	18	6			on deck	1	0	1366	112	19	6	113	123	24	11	11	10
54	18	6			on deck	1	0	1350	125	19	6	126	132	18	11	7	6
54	18	6			on deck	1	0	1357	142	19	6	143	146	18	4	4	3
54	18	6			on deck	1	0	1034	151	17	5	153	162	15	-2	11	9
54	18	6			on deck	1	0	986	163	18	9	166	173	17	15	10	7
54	18	6			on deck	1	0	1368	176	19	6	177	186	26	8	10	9
54	18	6			on deck	1	0	34	191	15	6	194	207	21	-1	16	13
54	18	6			on deck	1	0	977	214	18	9	217	221	20	7	7	4
54	18	6			on deck	1	0	290	229	18	2	233	247	11	9	18	14
54	18	6			on deck	1	0	1353	259	19	6	260	268	21	0	9	8
54	18	6			on deck	1	0	1033	281	17	5	283	289	18	10	8	6
54	18	6			on deck	1	0	803	320	20	5	323	330	24	2	10	7
54	18	6			on deck	1	0	1073	331	14	7	336	340	14	11	9	4
54	18	6			on deck	1	0	133	350	16	6	352	360	21	9	10	8
55	17	0			on deck	1	9	726	3	12	1	9	22	17	1	19	13
55	17	0			on deck	2	1	255	3	19	4	29	32	20	2	29	3
55	17	0			on deck	3	3	1274	3	20	-1	35	37	22	-1	34	2
55	17	0			on deck	5	6	1552	3	15	0	5	28	19	5	24	0
55	17	0			on deck	4	2	534	4	11	2	11	19	16	-1	16	8
55	16	-1			on deck	1	0	1543	60	15	0	62	63	15	1	3	1
55	16	-1			on deck	1	0	1203	64	14	1	68	76	13	8	12	8
55	16	-1			on deck	1	0	1209	123	14	1	127	139	20	7	16	12
55	16	-1			on deck	1	0	1201	139	14	1	143	153	18	-5	14	10
55	16	-1			on deck	1	0	1549	174	15	0	176	179	15	-3	5	3
55	16	-1			on deck	1	0	1539	187	15	0	189	196	15	7	9	7
55	16	-1			on deck	1	0	727	212	12	1	218	223	12	6	11	5
55	16	-1			on deck	1	0	1545	239	15	0	241	254	22	-6	15	13
55	16	-1			on deck	1	0	1536	257	15	0	259	268	20	4	11	9
55	16	-1			on deck	1	0	1227	271	14	1	275	283	19	-2	12	8
55	16	-1			on deck	1	0	1213	318	14	1	322	329	15	-5	11	7
55	16	-1			on deck	1	0	1210	334	14	1	338	352	7	8	18	14
55	16	-1			on route	0	0	starting	354	16	-1	354	360	12	1		6
55	16	-1			on deck	1	0	725	354	12	1	360	371	8	8	17	11
56	9	2			on deck	1	0	1758	8	9	3	9	15	8	8	7	0
56	9	2			on deck	2	3	1630	8	9	10	18	22	11	12	14	4
56	9	2			on deck	3	13	1662	8	20	8	35	42	18	3	34	7
56	8	8			on deck	1	0	1776	62	5	7	66	74	3	1	12	8
56	8	8			on deck	1	0	1472	78	6	7	81	94	13	13	16	13
56	8	8			on deck	1	0	1734	96	5	8	99	106	12	8	10	7
56	8	8			on deck	1	0	1732	118	5	8	121	131	10	13	13	10
56	8	8			on deck	1	0	1738	138	5	8	141	147	7	12	9	6
56	8	8			on deck	1	0	1144	150	8	5	153	160	2	4	10	7
56	8	8			on deck	1	0	1146	160	8	5	163	174	3	-1	14	11
56	8	8			on deck	1	0	1715	179	5	8	182	190	6	1	11	8
56	8	8			on deck	1	0	1494	190	6	7	193	202	4	0	12	9
56	8	8			on deck	1	0	1778	205	5	7	209	217	4	0	12	8
56	8	8			on deck	1	0	1720	219	5	8	222	229	2	4	10	7
56	8	8			on deck	1	0	1155	230	8	5	233	242	15	7	12	9
56	8	8			on deck	1	0	1735	245	5	8	248	262	12	15	17	14
56	8	8			on deck	1	0	1142	262	8	5	265	274	10	12	12	9
56	8	8			on deck	1	0	1489	294	6	7	297	301	5	4	7	4
56	8	8			on deck	1	0	1714	305	5	8	308	315	6	14	10	7
56	8	8			on deck	1	0	1737	316	5	8	319	326	9	5	10	7
56	8	8			on deck	1	0	1473	326	6	7	329	333	6	3	7	4
56	8	8			on deck	1	0	1727	333	5	8	336	344	6	15	11	8
56	8	8			on deck	1	0	1724	345	5	8	348	356	6	1	11	8
56	8	8			on deck	1	0	1736	356	5	8	359	373	-2	15	17	14
57	10	8			on deck	1	0	1631	1	9	10	4	14	3	14	13	0
57	10	8			on deck	2	14	934	1	13	10	28	38	18	5	37	10
57	3	14			on deck	1	0	3	53	1	10	59	65	0	15	12	6
57	3	14			on deck	1	0	17	67	1	10	73	83	-4	15	16	10
57	3	14			on deck	1	0	1097	88	0	10	95	103	2	16	15	8
57	3	14			on deck	1	0	13	104	1	10	110	123	8	16	19	13
57	3	14			on deck	1	0	28	129	1	10	135	144	-3	15	15	9
57	3	14			on deck	1	0	16	155	1	10	161	167	3	14	12	6
57	3	14			on deck	1	0	1095	174	0	10	181	189	-3	15	15	8
57	3	14			on deck	1	0	1096	192	0	10	199	212	6	17	20	13
57	3	14			on deck	1	0	14	213	1	10	219	226	8	10	13	7
57	3	14			on deck	1	0	0	234	1	10	240	247	-3	13	13	7
57	3	14			on deck	1	0	11	257	1	10	263	268	2	14	11	5
57	3	14			on deck	1	0	1090	271	0	10	278	287	2	3	16	9
57	3	14			on deck	1	0	1089	291	0	10	298	302	0	14	11	4
57	3	14			on deck	1	0	29	305	1	10	311	320	-5	13	15	9
57	3	14			on deck	1	0	27	332	1	10	338	344	2	15	12	6
57	3	14			on route	0	0	starting	357	3	14	357	364	0	10		7
57	3	14			on deck	1	0	1109	357	0	10	364	370	-1	15	13	6
58	5.0	9.0			on deck	1	0	469	6	12	5	6	13	6	4	7	7
58	5.0	9.0			on deck	2	13	1533	7	15	0	26	28	15	-2	21	2
58	6	4			on deck	1	0	635	35	3	3	39	47	1	-3	12	8
58	6	4			on deck	1	0	1321	47	5	5	49	57	0	2	10	8
58	6	4			on deck	1	0	410	60	4	4	62	68	5	-1	8	6
58	6	4			on deck	1	0	352	68	3	5	72	82	-1	-1	14	10
58	6	4			on deck	1	0	411	87	4	4	89	96	10	5	9	7
58	6	4			on deck	1	0	1781	96	5	7	100	110	1	1	14	10
58	6	4			on deck	1	0	398	121	4	4	123	130	4	-3	9	7
58	6	4			on deck	1	0	718	147	9	4	150	159	15	7	12	9
58	6	4			on deck	1	0	1329	162	5	5	164	176	10	12	14	12
58	6	4			on deck	1	0	84	181	3	3	185	192	5	-2	11	7
58	6	4			on deck	1	0	698	192	9	4	195	202	7	9	10	7
58	6	4			on deck	1	0	1330	203	5	5	205	216	9	12	13	11
58	6	4			on deck	1	0	342	226	3	5	230	236	4	0	10	6
58	6	4			on deck	1	0	700	246	9	4	249	259	15	0	13	10
58	6	4			on deck	1	0	1786	259	5	7	263	277	12	14	18	14
58	6	4			on deck	1	0	335	277	3	5	281	288	0	1	11	7
58	6	4			on deck	1	0	403	290	4	4	292	297	3	0	7	5
58	6	4			on deck	1	0	1339	322	5	5	324	333	10	9	11	9
58	6	4			on deck	1	0	714	333	9	4	336	341	6	2	8	5
58	6	4			on deck	1	0	1325	344	5	5	346	351	9	6	7	5
59	2	7			on deck	1	0	1481	21	6	7	25	32	8	12	11	7
59	8	12			on deck	1	0	178	160	10	10	164	167	9	8	7	3
59	8	12			on deck	1	0	774	248	8	10	250	253	10	9	5	3
59	8	12			on deck	1	0	1620	299	9	10	302	311	6	16	12	9
60	4	0			on deck	1	0	1460	42	3	1	44	55	-3	-4	13	11
61	16	4			on deck	1	0	236	28	15	6	31	42	11	13	14	11
62	20	0			on deck	1	0	681	26	19	0	27	37	16	7	11	10
62	16	7			on deck	1	0	1188	53	18	9	57	61	21	8	8	4
62	16	7			on deck	1	0	490	62	15	9	65	67	15	7	5	2
62	16	7			on deck	1	0	126	67	16	6	68	75	18	11	8	7
62	16	7			on deck	1	0	120	81	16	6	82	89	21	4	8	7
62	16	7			on deck	1	0	124	91	16	6	92	104	22	0	13	12
62	16	7			on deck	1	0	547	117	14	7	119	132	7	13	15	13
62	16	7			on deck	1	0	147	136	16	6	137	150	22	13	14	13
62	16	7			on deck	1	0	1030	160	17	5	163	174	24	1	14	11
62	16	7			on deck	1	0	1067	184	14	7	186	193	15	1	9	7
62	16	7			on deck	1	0	237	194	15	6	196	201	18	8	7	5
62	16	7			on deck	1	0	57	205	15	6	207	210	16	4	5	3
62	16	7			on deck	1	0	1062	225	14	7	227	233	10	9	8	6
62	16	7			on deck	1	0	1589	258	16	5	260	272	22	11	14	12
62	16	7			on deck	1	0	140	281	16	6	282	291	19	0	10	9
62	16	7			on deck	1	0	35	294	15	6	296	306	19	12	12	10
62	16	7			on deck	1	0	568	324	14	7	326	334	21	6	10	8
62	16	7			on deck	1	0	1074	334	14	7	336	338	13	8	4	2
62	16	7			on deck	1	0	549	341	14	7	343	357	21	0	16	14
63	12	9			on deck	1	0	943	39	13	10	41	52	7	5	13	11
63	7	5			on deck	1	0	1757	54	9	3	58	68	16	0	14	10
63	7	5			on deck	1	0	1772	68	5	7	72	80	3	1	12	8
63	7	5			on deck	1	0	345	80	3	5	84	90	8	6	10	6
63	7	5			on deck	1	0	1168	90	8	5	91	98	8	12	8	7
63	7	5			on deck	1	0	1774	110	5	7	114	124	10	12	14	10
63	7	5			on deck	1	0	1787	143	5	7	147	158	12	11	15	11
63	7	5			on deck	1	0	1169	158	8	5	159	168	14	8	10	9
63	7	5			on deck	1	0	1309	169	1	5	175	177	1	3	8	2
63	7	5			on deck	1	0	404	182	4	4	186	187	4	3	5	1
63	7	5			on deck	1	0	1483	187	6	7	190	203	0	14	16	13
63	7	5			on deck	1	0	1159	204	8	5	205	209	5	4	5	4
63	7	5			on deck	1	0	694	209	9	4	212	217	10	8	8	5
63	7	5			on deck	1	0	458	226	12	5	231	237	15	8	11	6
63	7	5			on deck	1	0	831	239	12	5	244	256	17	12	17	12
63	7	5			on deck	1	0	1333	257	5	5	259	265	2	2	8	6
63	7	5			on deck	1	0	1153	265	8	5	266	273	5	1	8	7
63	7	5			on deck	1	0	1492	273	6	7	276	282	10	5	9	6
63	7	5			on deck	1	0	1788	294	5	7	298	306	0	4	12	8
63	7	5			on deck	1	0	332	330	3	5	334	344	0	-2	14	10
63	7	5			on deck	1	0	1796	344	5	7	348	355	8	11	11	7
64	9	2			on deck	1	0	1410	34	9	1	35	44	2	3	10	9
64	2	3			on deck	1	0	116	44	3	3	45	50	0	1	6	5
64	2	3			on deck	1	0	90	52	3	3	53	56	1	2	4	3
64	2	3			on deck	1	0	87	66	3	3	67	77	9	7	11	10
64	2	3			on deck	1	0	91	78	3	3	79	84	4	-1	6	5
64	2	3			on deck	1	0	341	86	3	5	89	95	4	0	9	6
64	2	3			on deck	1	0	391	95	4	4	98	106	0	0	11	8
64	2	3			on deck	1	0	347	117	3	5	120	130	5	-3	13	10
64	2	3			on deck	1	0	108	132	3	3	133	137	4	0	5	4
64	2	3			on deck	1	0	658	138	3	3	139	145	7	5	7	6
64	2	3			on deck	1	0	884	148	1	4	150	157	3	-1	9	7
64	2	3			on deck	1	0	99	157	3	3	158	159	3	4	2	1
64	2	3			on deck	1	0	649	159	3	3	160	174	10	10	15	14
64	2	3			on deck	1	0	879	175	1	4	177	184	2	-2	9	7
64	2	3			on deck	1	0	337	188	3	5	191	194	2	3	6	3
64	2	3			on deck	1	0	79	196	3	3	197	205	8	6	9	8
64	2	3			on deck	1	0	632	207	3	3	208	213	5	0	6	5
64	2	3			on deck	1	0	641	220	3	3	221	230	8	7	10	9
64	2	3			on deck	1	0	890	231	1	4	233	239	6	3	8	6
64	2	3			on deck	1	0	89	251	3	3	252	258	6	0	7	6
64	2	3			on deck	1	0	349	258	3	5	261	268	3	-2	10	7
64	2	3			on deck	1	0	405	268	4	4	271	275	4	0	7	4
64	2	3			on deck	1	0	80	275	3	3	276	279	2	1	4	3
64	2	3			on deck	1	0	1305	286	1	5	289	293	4	4	7	4
64	2	3			on deck	1	0	648	294	3	3	295	299	-1	3	5	4
64	2	3			on deck	1	0	899	300	1	4	302	307	6	4	7	5
64	2	3			on deck	1	0	1691	308	1	4	310	324	8	11	16	14
64	2	3			on deck	1	0	634	326	3	3	327	336	0	-3	10	9
64	2	3			on deck	1	0	83	338	3	3	339	344	5	0	6	5
64	2	3			on deck	1	0	887	346	1	4	348	360	8	9	14	12
65	15	10			on deck	1	0	508	31	15	9	32	42	18	2	11	10
65	18	2			on deck	1	0	282	42	18	2	42	54	23	9	12	12
65	18	2			on deck	1	0	850	54	19	1	56	65	14	5	11	9
65	18	2			on deck	1	0	664	68	19	0	71	77	15	-2	9	6
65	18	2			on deck	1	0	860	85	19	1	87	88	19	2	3	1
65	18	2			on deck	1	0	294	89	18	2	89	101	25	-3	12	12
65	18	2			on deck	1	0	1278	102	20	2	104	109	18	5	7	5
65	18	2			on deck	1	0	298	112	18	2	112	119	14	5	7	7
65	18	2			on deck	1	0	292	149	18	2	149	159	11	5	10	10
65	18	2			on deck	1	0	280	159	18	2	159	165	19	-3	6	6
65	18	2			on deck	1	0	428	165	18	3	166	166	18	3	1	0
65	18	2			on deck	1	0	1277	170	20	2	172	184	13	7	14	12
65	18	2			on deck	1	0	573	185	20	2	187	196	23	-4	11	9
65	18	2			on deck	1	0	861	197	19	1	199	204	22	3	7	5
65	18	2			on deck	1	0	429	206	18	3	207	217	24	7	11	10
65	18	2			on deck	1	0	270	224	18	2	224	235	11	6	11	11
65	18	2			on deck	1	0	512	238	11	2	245	252	18	2	14	7
65	18	2			on deck	1	0	1275	253	20	2	255	260	20	7	7	5
65	18	2			on deck	1	0	575	260	20	2	262	271	24	7	11	9
65	18	2			on deck	1	0	297	274	18	2	274	280	23	1	6	6
65	18	2			on deck	1	0	423	280	18	3	281	286	20	6	6	5
65	18	2			on deck	1	0	582	286	20	2	288	291	20	5	5	3
65	18	2			on deck	1	0	439	310	18	3	311	315	17	0	5	4
65	18	2			on deck	1	0	926	316	19	3	318	327	15	-2	11	9
65	18	2			on deck	1	0	865	327	19	1	329	336	19	-6	9	7
65	18	2			on deck	1	0	277	337	18	2	337	340	16	1	3	3
65	18	2			on deck	1	0	273	342	18	2	342	347	15	4	5	5
65	18	2			on deck	1	0	279	356	18	2	356	367	11	6	11	11
66	17	6			on deck	1	0	234	26	15	6	28	41	8	12	15	13
66	8	12			on deck	1	0	761	157	8	10	159	170	3	4	13	11
66	8	12			on deck	1	0	1647	282	9	10	285	291	13	8	9	6
67	18	8			on deck	1	0	969	42	18	9	43	52	15	15	10	9
68	19	8			on deck	1	0	1352	33	19	6	35	42	18	0	9	7
68	18	0			on deck	1	0	670	46	19	0	47	57	25	-4	11	10
68	18	0			on deck	1	0	250	57	19	4	62	73	25	-1	16	11
68	18	0			on deck	1	0	674	78	19	0	79	93	12	7	15	14
68	18	0			on deck	1	0	272	117	18	2	119	121	18	0	4	2
68	18	0			on deck	1	0	683	128	19	0	129	136	24	-2	8	7
68	18	0			on deck	1	0	684	156	19	0	157	165	23	-4	9	8
68	18	0			on deck	1	0	271	172	18	2	174	182	13	5	10	8
68	18	0			on deck	1	0	851	191	19	1	193	204	25	6	13	11
68	18	0			on deck	1	0	672	205	19	0	206	216	22	7	11	10
68	18	0			on deck	1	0	685	218	19	0	219	227	17	6	9	8
68	18	0			on deck	1	0	866	229	19	1	231	236	24	1	7	5
68	18	0			on deck	1	0	663	242	19	0	243	252	16	-6	10	9
68	18	0			on deck	1	0	1542	253	15	0	256	266	22	-3	13	10
68	18	0			on deck	1	0	665	285	19	0	286	298	26	5	13	12
68	18	0			on deck	1	0	841	319	19	1	321	330	24	5	11	9
68	18	0			on deck	1	0	854	332	19	1	334	336	18	2	4	2
68	18	0			on deck	1	0	1273	337	20	2	341	343	20	4	6	2
68	18	0			on deck	1	0	660	351	19	0	352	358	16	3	7	6
69	10	2			on deck	1	0	613	30	10	2	30	36	5	1	6	6
69	5	1			on deck	1	0	1439	42	9	1	46	51	6	3	9	5
69	5	1			on deck	1	0	1408	51	9	1	55	64	2	3	13	9
69	5	1			on deck	1	0	1429	68	9	1	72	80	16	0	12	8
69	5	1			on deck	1	0	653	80	3	3	84	97	-3	-4	17	13
69	5	1			on deck	1	0	1406	97	9	1	101	112	16	5	15	11
69	5	1			on deck	1	0	1435	113	9	1	117	127	3	-3	14	10
69	5	1			on deck	1	0	1416	137	9	1	141	148	7	6	11	7
69	5	1			on deck	1	0	1441	149	3	1	151	153	3	3	4	2
69	5	1			on deck	1	0	1323	153	5	5	157	160	7	6	7	3
69	5	1			on deck	1	0	377	160	6	0	162	171	-1	-2	11	9
69	5	1			on deck	1	0	100	172	3	3	176	189	9	10	17	13
69	5	1			on deck	1	0	1320	189	5	5	193	200	12	5	11	7
69	5	1			on deck	1	0	1425	200	9	1	204	210	6	-2	10	6
69	5	1			on deck	1	0	1599	211	4	0	213	215	3	1	4	2
69	5	1			on deck	1	0	1421	217	9	1	221	229	2	0	12	8
69	5	1			on deck	1	0	1597	232	4	0	234	239	3	4	7	5
69	5	1			on deck	1	0	622	239	10	2	245	255	17	-1	16	10
69	5	1			on deck	1	0	1420	256	9	1	260	273	16	-5	17	13
69	5	1			on deck	1	0	1384	276	9	1	280	290	16	-2	14	10
69	5	1			on deck	1	0	1591	322	4	0	324	328	4	4	6	4
69	5	1			on deck	1	0	1443	333	3	1	335	339	6	0	6	4
69	5	1			on deck	1	0	1619	339	4	0	341	346	6	-3	7	5
69	5	1			on deck	1	0	1349	349	5	5	353	355	6	4	6	2
70	4	7			on deck	1	0	416	40	4	4	43	49	9	5	9	6
70	9	5			on deck	1	0	624	49	10	2	53	61	17	1	12	8
70	9	5			on deck	1	0	603	64	10	2	68	76	4	4	12	8
70	9	5			on deck	1	0	699	79	9	4	80	90	12	11	11	10
70	9	5			on deck	1	0	706	90	9	4	91	100	13	9	10	9
70	9	5			on deck	1	0	600	100	10	2	104	116	16	8	16	12
70	9	5			on deck	1	0	719	118	9	4	119	126	8	10	8	7
70	9	5			on deck	1	0	477	137	12	5	140	145	16	4	8	5
70	9	5			on deck	1	0	1756	146	9	3	148	159	3	-2	13	11
70	9	5			on deck	1	0	1768	159	9	3	161	173	14	10	14	12
70	9	5			on deck	1	0	1755	175	9	3	177	188	2	-1	13	11
70	9	5			on deck	1	0	1380	188	9	1	192	200	4	-2	12	8
70	9	5			on deck	1	0	535	201	11	2	206	219	17	-5	18	13
70	9	5			on deck	1	0	1412	222	9	1	226	233	10	7	11	7
70	9	5			on deck	1	0	1764	233	9	3	235	247	16	8	14	12
70	9	5			on deck	1	0	1765	248	9	3	250	257	10	9	9	7
70	9	5			on deck	1	0	618	262	10	2	266	272	15	1	10	6
70	9	5			on deck	1	0	1430	275	9	1	279	290	15	-4	15	11
70	9	5			on deck	1	0	1746	298	9	3	300	309	11	10	11	9
70	9	5			on deck	1	0	1748	309	9	3	311	318	7	8	9	7
70	9	5			on deck	1	0	1742	320	9	3	322	335	15	10	15	13
70	9	5			on deck	1	0	1767	337	9	3	339	346	16	3	9	7
70	9	5			on deck	1	0	526	346	11	2	351	357	15	0	11	6
71	8	4			on deck	1	0	705	42	9	4	43	51	6	-1	9	8
71	6	-1			on deck	1	0	1436	52	9	1	57	62	5	0	10	5
71	6	-1			on deck	1	0	1598	82	4	0	85	88	2	-1	6	3
71	6	-1			on deck	1	0	1397	89	9	1	94	102	10	8	13	8
71	6	-1			on deck	1	0	1402	111	9	1	116	129	15	8	18	13
71	6	-1			on deck	1	0	1405	141	9	1	146	154	7	7	13	8
71	6	-1			on deck	1	0	1600	157	4	0	160	164	1	-1	7	4
71	6	-1			on deck	1	0	1391	169	9	1	174	185	13	8	16	11
71	6	-1			on deck	1	0	328	197	10	0	202	209	17	0	12	7
71	6	-1			on deck	1	0	307	223	10	0	228	240	17	5	17	12
71	6	-1			on deck	1	0	300	247	10	0	252	258	6	-2	11	6
71	6	-1			on deck	1	0	312	261	10	0	266	273	8	5	12	7
71	6	-1			on deck	1	0	321	274	10	0	279	284	10	5	10	5
71	6	-1			on deck	1	0	370	296	6	0	297	307	9	7	11	10
71	6	-1			on deck	1	0	364	312	6	0	313	315	5	-1	3	2
71	6	-1			on deck	1	0	316	319	10	0	324	330	11	5	11	6
71	6	-1			on deck	1	0	367	342	6	0	343	350	2	3	8	7
72	7	6			on deck	1	0	1488	57	6	7	59	70	0	2	13	11
72	0	2			on deck	1	0	1308	79	1	5	83	93	6	0	14	10
72	0	2			on deck	1	0	343	95	3	5	101	104	3	2	9	3
72	0	2			on deck	1	0	1087	132	0	10	140	152	7	15	20	12
72	0	2			on deck	1	0	406	155	4	4	161	163	4	2	8	2
72	0	2			on deck	1	0	651	165	3	3	169	175	2	-2	10	6
72	0	2			on deck	1	0	1301	177	1	5	181	188	1	-2	11	7
72	0	2			on deck	1	0	631	204	3	3	208	220	10	8	16	12
72	0	2			on deck	1	0	880	228	1	4	231	237	-1	0	9	6
72	0	2			on deck	1	0	106	256	3	3	260	264	-1	3	8	4
72	0	2			on deck	1	0	639	266	3	3	270	273	1	4	7	3
72	0	2			on deck	1	0	1102	316	0	10	324	337	-6	17	21	13
72	0	2			on deck	1	0	1296	341	1	5	345	351	-1	1	10	6
72	0	2			on deck	1	0	1313	351	1	5	355	362	2	-1	11	7
73	8	6			on deck	1	0	1759	54	9	3	58	69	16	-1	15	11
73	16	-1			on deck	1	0	1226	88	14	1	92	106	7	8	18	14
73	16	-1			on deck	1	0	1551	113	15	0	115	124	21	-3	11	9
73	16	-1			on deck	1	0	1557	127	15	0	129	141	22	5	14	12
73	16	-1			on deck	1	0	1224	153	14	1	157	168	19	-5	15	11
73	16	-1			on deck	1	0	1202	171	14	1	175	180	17	-1	9	5
73	16	-1			on deck	1	0	677	203	19	0	207	219	12	5	16	12
73	16	-1			on deck	1	0	720	233	12	1	239	245	12	7	12	6
73	16	-1			on deck	1	0	1532	252	15	0	254	261	20	-2	9	7
73	16	-1			on deck	1	0	1205	301	14	1	305	308	15	3	7	3
73	16	-1			on deck	1	0	1211	327	14	1	331	340	20	4	13	9
73	16	-1			on deck	1	0	1216	340	14	1	344	352	15	8	12	8
73	16	-1			on route	0	0	starting	356	16	-1	356	362	12	1		6
73	16	-1			on deck	1	0	731	356	12	1	362	366	16	1	10	4
74	18	2			on deck	1	0	583	32	20	2	34	43	16	7	11	9
74	16	7			on deck	1	0	146	47	16	6	48	51	18	5	4	3
74	16	7			on deck	1	0	1577	52	16	5	54	61	17	11	9	7
74	16	7			on deck	1	0	983	64	18	9	68	81	11	15	17	13
74	16	7			on deck	1	0	143	95	16	6	96	101	12	5	6	5
74	16	7			on deck	1	0	1041	117	17	5	120	131	22	-1	14	11
74	16	7			on deck	1	0	1571	132	16	5	134	140	18	9	8	6
74	16	7			on deck	1	0	554	150	14	7	152	160	20	9	10	8
74	16	7			on deck	1	0	1566	161	16	5	163	174	22	10	13	11
74	16	7			on deck	1	0	135	176	16	6	177	187	20	12	11	10
74	16	7			on deck	1	0	1569	189	16	5	191	199	9	6	10	8
74	16	7			on deck	1	0	52	204	15	6	206	208	14	5	4	2
74	16	7			on deck	1	0	125	224	16	6	225	230	15	10	6	5
74	16	7			on deck	1	0	1565	256	16	5	258	264	16	11	8	6
74	16	7			on deck	1	0	144	266	16	6	267	272	13	8	6	5
74	16	7			on deck	1	0	1581	281	16	5	283	290	22	6	9	7
74	16	7			on deck	1	0	1075	324	14	7	326	336	20	11	12	10
74	16	7			on deck	1	0	1181	337	18	9	341	352	11	5	15	11
75	20	1			on deck	1	0	794	31	20	5	35	42	24	8	11	7
75	24	8			on deck	1	0	1679	58	20	8	62	70	14	6	12	8
75	24	8			on deck	1	0	1656	97	20	8	101	106	19	12	9	5
75	24	8			on deck	1	0	1663	321	20	8	325	330	24	7	9	5
76	6	10			on deck	1	0	1729	46	5	8	49	55	8	5	9	6
76	8	5			on deck	1	0	1393	57	9	1	62	67	5	0	10	5
76	8	5			on deck	1	0	1744	74	9	3	77	84	5	0	10	7
76	8	5			on deck	1	0	606	84	10	2	89	96	11	8	12	7
76	8	5			on deck	1	0	1431	97	9	1	102	115	16	-5	18	13
76	8	5			on deck	1	0	696	143	9	4	145	154	15	7	11	9
76	8	5			on deck	1	0	1145	154	8	5	154	158	12	5	4	4
76	8	5			on deck	1	0	716	158	9	4	160	169	2	2	11	9
76	8	5			on deck	1	0	357	171	3	5	176	177	3	4	6	1
76	8	5			on deck	1	0	1766	187	9	3	190	199	3	0	12	9
76	8	5			on deck	1	0	834	201	12	5	205	216	18	0	15	11
76	8	5			on deck	1	0	1751	222	9	3	225	232	15	2	10	7
76	8	5			on deck	1	0	709	234	9	4	236	241	6	2	7	5
76	8	5			on deck	1	0	1398	242	9	1	247	255	12	6	13	8
76	8	5			on deck	1	0	1753	262	9	3	265	272	16	3	10	7
76	8	5			on deck	1	0	621	275	10	2	280	289	3	4	14	9
76	8	5			on deck	1	0	1148	303	8	5	303	310	6	0	7	7
76	8	5			on deck	1	0	1149	316	8	5	316	320	8	9	4	4
76	8	5			on deck	1	0	1407	323	9	1	328	335	16	1	12	7
76	8	5			on deck	1	0	1332	338	5	5	341	347	5	-1	9	6
76	8	5			on deck	1	0	690	347	9	4	349	359	5	-2	12	10
77	5	9			on deck	1	0	1733	34	5	8	35	41	5	14	7	6
77	5	14			on deck	1	0	18	164	1	10	172	179	7	9	15	7
78	4	0			on deck	1	0	1609	35	4	0	35	42	0	3	7	7
78	0	3			on deck	1	0	64	42	3	3	45	51	6	0	9	6
78	0	3			on deck	1	0	1103	57	0	10	64	69	-2	13	12	5
78	0	3			on deck	1	0	1294	69	1	5	72	74	0	4	5	2
78	0	3			on deck	1	0	1291	79	1	5	82	83	1	4	4	1
78	0	3			on deck	1	0	419	95	4	4	100	110	10	8	15	10
78	0	3			on deck	1	0	1107	118	0	10	125	133	4	14	15	8
78	0	3			on deck	1	0	1297	139	1	5	142	146	2	2	7	4
78	0	3			on deck	1	0	1100	147	0	10	154	159	-1	14	12	5
78	0	3			on deck	1	0	1105	160	0	10	167	178	4	17	18	11
78	0	3			on deck	1	0	885	178	1	4	180	187	6	2	9	7
78	0	3			on deck	1	0	877	194	1	4	196	201	2	0	7	5
78	0	3			on deck	1	0	1681	201	1	4	203	206	3	3	5	3
78	0	3			on deck	1	0	638	212	3	3	215	216	3	2	4	1
78	0	3			on deck	1	0	889	227	1	4	229	234	3	1	7	5
78	0	3			on deck	1	0	1693	253	1	4	255	260	0	0	7	5
78	0	3			on deck	1	0	878	261	1	4	263	274	5	-3	13	11
78	0	3			on deck	1	0	1085	275	0	10	282	290	-5	13	15	8
78	0	3			on deck	1	0	1311	303	1	5	306	308	2	4	5	2
78	0	3			on deck	1	0	1300	314	1	5	317	327	6	0	13	10
78	0	3			on deck	1	0	1697	335	1	4	337	346	8	6	11	9
78	0	3			on deck	1	0	873	346	1	4	348	354	6	3	8	6
78	0	3			on deck	1	0	871	354	1	4	356	365	7	7	11	9
79	20	5			on deck	1	0	809	28	20	5	28	36	27	4	8	8
80	1	2			on deck	1	0	1295	30	1	5	33	45	6	-2	15	12
80	6	-2			on deck	1	0	1413	46	9	1	52	58	8	6	12	6
80	6	-2			on deck	1	0	363	237	6	0	239	241	5	1	4	2
81	6	5			on deck	1	0	897	40	1	4	46	50	-1	2	10	4
81	-1	2			on deck	1	0	1685	169	1	4	173	182	7	7	13	9
81	-1	2			on deck	1	0	1689	204	1	4	208	215	3	-1	11	7
81	-1	2			on deck	1	0	1695	257	1	4	261	270	4	-2	13	9
81	-1	2			on route	0	0	starting	358	-1	2	358	362	1	4		4
81	-1	2			on deck	1	0	891	358	1	4	362	371	8	6	13	9
82	15	2			on deck	1	0	222	32	15	6	36	43	19	3	11	7
82	19	3			on deck	1	0	424	43	18	3	44	52	14	7	9	8
82	19	3			on deck	1	0	901	52	19	3	52	53	19	4	1	1
82	19	3			on deck	1	0	436	53	18	3	54	62	16	-3	9	8
82	19	3			on deck	1	0	918	62	19	3	62	72	15	9	10	10
82	19	3			on deck	1	0	263	76	19	4	77	84	16	0	8	7
82	19	3			on deck	1	0	853	84	19	1	86	96	22	-6	12	10
82	19	3			on deck	1	0	1271	96	20	2	98	106	27	1	10	8
82	19	3			on deck	1	0	427	114	18	3	115	124	25	5	10	9
82	19	3			on deck	1	0	1284	138	20	2	140	143	19	4	5	3
82	19	3			on deck	1	0	917	146	19	3	146	148	18	4	2	2
82	19	3			on deck	1	0	264	150	19	4	151	162	14	10	12	11
82	19	3			on deck	1	0	249	162	19	4	163	169	23	2	7	6
82	19	3			on deck	1	0	433	170	18	3	171	180	20	10	10	9
82	19	3			on deck	1	0	923	183	19	3	183	186	16	3	3	3
82	19	3			on deck	1	0	908	187	19	3	187	200	25	-4	13	13
82	19	3			on deck	1	0	247	200	19	4	201	205	21	6	5	4
82	19	3			on deck	1	0	430	205	18	3	206	212	16	7	7	6
82	19	3			on deck	1	0	252	213	19	4	214	219	21	7	6	5
82	19	3			on deck	1	0	241	223	19	4	224	238	12	11	15	14
82	19	3			on deck	1	0	574	239	20	2	241	249	21	-5	10	8
82	19	3			on deck	1	0	919	250	19	3	250	255	19	-2	5	5
82	19	3			on deck	1	0	1263	257	20	2	259	264	20	-3	7	5
82	19	3			on deck	1	0	278	265	18	2	267	273	17	7	8	6
82	19	3			on deck	1	0	447	275	18	3	276	279	20	4	4	3
82	19	3			on deck	1	0	269	279	19	4	280	280	19	4	1	0
82	19	3			on deck	1	0	1043	282	17	5	286	293	21	2	11	7
82	19	3			on deck	1	0	869	304	19	1	306	310	22	0	6	4
82	19	3			on deck	1	0	251	312	19	4	313	317	23	4	5	4
82	19	3			on deck	1	0	296	319	18	2	321	325	15	1	6	4
82	19	3			on deck	1	0	266	326	19	4	327	330	21	5	4	3
82	19	3			on deck	1	0	1027	332	17	5	336	338	19	5	6	2
82	19	3			on deck	1	0	431	343	18	3	344	351	22	0	8	7
82	19	3			on deck	1	0	242	353	19	4	354	363	17	11	10	9
83	6	5			on deck	1	0	1334	35	5	5	36	50	12	12	15	14
83	12	12			on deck	1	0	951	58	13	10	61	70	17	5	12	9
83	12	12			on deck	1	0	956	159	13	10	162	171	20	12	12	9
83	12	12			on deck	1	0	946	236	13	10	239	247	19	12	11	8
83	12	12			on deck	1	0	932	308	13	10	311	314	11	9	6	3
84	16	1			on deck	1	0	1219	34	14	1	36	40	15	-2	6	4
84	15	-2			on deck	1	0	1204	52	14	1	56	67	8	6	15	11
84	15	-2			on deck	1	0	1530	72	15	0	74	80	17	4	8	6
84	15	-2			on deck	1	0	1208	86	14	1	90	95	16	-2	9	5
84	15	-2			on deck	1	0	1534	96	15	0	98	109	20	6	13	11
84	15	-2			on deck	1	0	1212	132	14	1	136	146	21	4	14	10
84	15	-2			on deck	1	0	1550	178	15	0	180	181	15	-1	3	1
84	15	-2			on deck	1	0	1554	211	15	0	213	221	21	2	10	8
84	15	-2			on deck	1	0	1535	238	15	0	240	252	22	5	14	12
84	15	-2			on deck	1	0	1225	252	14	1	256	269	7	7	17	13
84	15	-2			on deck	1	0	1537	280	15	0	282	295	8	6	15	13
84	15	-2			on deck	1	0	1217	325	14	1	329	337	18	-3	12	8
84	15	-2			on deck	1	0	1218	337	14	1	341	349	19	-2	12	8
84	15	-2			on deck	1	0	1540	350	15	0	352	360	22	1	10	8
85	3	9			on deck	1	0	5	52	1	10	55	64	-2	16	12	9
85	-2	16			on deck	1	0	1106	162	0	10	170	175	-1	14	13	5
86	17	4			on deck	1	0	139	33	16	6	36	44	23	7	11	8
86	23	7			on deck	1	0	1672	58	20	8	62	72	16	14	14	10
86	23	7			on deck	1	0	1678	158	20	8	162	172	13	5	14	10
86	23	7			on deck	1	0	1509	177	20	8	181	187	24	10	10	6
87	10	1			on deck	1	0	1399	32	9	1	33	45	15	7	13	12
87	15	7			on deck	1	0	1050	49	14	7	50	57	8	8	8	7
87	15	7			on deck	1	0	221	58	15	6	59	66	13	11	8	7
87	15	7			on deck	1	0	1560	71	16	5	74	79	17	9	8	5
87	15	7			on deck	1	0	39	79	15	6	80	82	17	6	3	2
87	15	7			on deck	1	0	40	84	15	6	85	94	22	8	10	9
87	15	7			on deck	1	0	46	96	15	6	97	101	16	3	5	4
87	15	7			on deck	1	0	1066	106	14	7	107	113	16	11	7	6
87	15	7			on deck	1	0	543	117	14	7	118	121	13	5	4	3
87	15	7			on deck	1	0	1061	121	14	7	122	127	17	5	6	5
87	15	7			on deck	1	0	130	127	16	6	129	135	20	8	8	6
87	15	7			on deck	1	0	44	136	15	6	137	147	10	11	11	10
87	15	7			on deck	1	0	37	149	15	6	150	158	20	3	9	8
87	15	7			on deck	1	0	49	164	15	6	165	169	17	4	5	4
87	15	7			on deck	1	0	1056	173	14	7	174	184	20	3	11	10
87	15	7			on deck	1	0	542	184	14	7	185	188	13	9	4	3
87	15	7			on deck	1	0	229	190	15	6	191	200	19	1	10	9
87	15	7			on deck	1	0	1054	200	14	7	201	214	19	-1	14	13
87	15	7			on deck	1	0	500	218	15	9	220	227	9	8	9	7
87	15	7			on deck	1	0	493	227	15	9	229	239	9	13	12	10
87	15	7			on deck	1	0	45	244	15	6	245	247	14	7	3	2
87	15	7			on deck	1	0	1053	251	14	7	252	261	10	12	10	9
87	15	7			on deck	1	0	136	267	16	6	269	278	14	13	11	9
87	15	7			on deck	1	0	1042	282	17	5	286	297	22	-1	15	11
87	15	7			on deck	1	0	227	324	15	6	325	326	15	5	2	1
87	15	7			on deck	1	0	1574	326	16	5	329	337	18	11	11	8
87	15	7			on deck	1	0	51	337	15	6	338	345	20	8	8	7
87	15	7			on deck	1	0	562	345	14	7	346	352	19	6	7	6
87	15	7			on deck	1	0	556	358	14	7	359	361	12	7	3	2
88	2	5			on deck	1	0	896	29	1	4	31	41	6	-1	12	10
88	6	-1			on deck	1	0	366	45	6	0	46	55	10	5	10	9
88	6	-1			on deck	1	0	305	85	10	0	90	99	4	3	14	9
88	6	-1			on deck	1	0	303	110	10	0	115	124	17	-2	14	9
88	6	-1			on deck	1	0	369	158	6	0	159	173	13	7	15	14
88	6	-1			on deck	1	0	368	198	6	0	199	200	5	0	2	1
88	6	-1			on deck	1	0	373	201	6	0	202	205	6	-3	4	3
88	6	-1			on deck	1	0	323	205	10	0	210	217	8	5	12	7
88	6	-1			on deck	1	0	1415	226	9	1	231	240	2	-1	14	9
88	6	-1			on deck	1	0	1382	243	9	1	248	256	13	5	13	8
88	6	-1			on deck	1	0	320	261	10	0	266	277	16	-5	16	11
88	6	-1			on deck	1	0	372	291	6	0	292	300	-1	1	9	8
88	6	-1			on deck	1	0	362	306	6	0	307	308	6	1	2	1
88	6	-1			on deck	1	0	376	308	6	0	309	317	0	-2	9	8
88	6	-1			on deck	1	0	324	321	10	0	326	333	15	2	12	7
89	6	6			on deck	1	0	1798	46	5	7	48	57	1	2	11	9
89	1	2			on deck	1	0	1698	69	1	4	71	81	6	-1	12	10
89	1	2			on deck	1	0	1686	89	1	4	91	96	5	3	7	5
89	1	2			on deck	1	0	646	104	3	3	107	114	1	-2	10	7
89	1	2			on deck	1	0	1314	139	1	5	142	144	2	4	5	2
89	1	2			on deck	1	0	1694	146	1	4	148	154	3	0	8	6
89	1	2			on deck	1	0	893	155	1	4	157	162	2	0	7	5
89	1	2			on deck	1	0	1708	162	1	4	164	176	8	9	14	12
89	1	2			on deck	1	0	1704	176	1	4	178	187	8	6	11	9
89	1	2			on deck	1	0	1682	197	1	4	199	209	4	-3	12	10
89	1	2			on deck	1	0	113	212	3	3	215	227	9	9	15	12
89	1	2			on deck	1	0	104	228	3	3	231	236	5	0	8	5
89	1	2			on deck	1	0	1312	237	1	5	240	244	4	4	7	4
89	1	2			on deck	1	0	1462	253	3	1	256	267	9	6	14	11
89	1	2			on deck	1	0	1293	281	1	5	284	294	8	8	13	10
89	1	2			on deck	1	0	1690	302	1	4	304	305	2	4	3	1
89	1	2			on deck	1	0	1684	307	1	4	309	313	4	3	6	4
89	1	2			on deck	1	0	1299	315	1	5	318	330	7	11	15	12
89	1	2			on deck	1	0	1306	339	1	5	342	347	5	4	8	5
89	1	2			on deck	1	0	1316	347	1	5	350	359	8	7	12	9
90	13	6			on deck	1	0	230	27	15	6	29	35	20	7	8	6
90	20	7			on deck	1	0	909	35	19	3	40	47	22	-1	12	7
90	20	7			on deck	1	0	1189	53	18	9	57	63	12	9	10	6
90	20	7			on deck	1	0	1517	63	20	8	64	75	26	3	12	11
90	20	7			on deck	1	0	1677	82	20	8	83	90	26	7	8	7
90	20	7			on deck	1	0	1520	90	20	8	91	99	26	6	9	8
90	20	7			on deck	1	0	1521	99	20	8	100	107	19	2	8	7
90	20	7			on deck	1	0	1511	110	20	8	111	118	13	8	8	7
90	20	7			on deck	1	0	1657	118	20	8	119	127	22	2	9	8
90	20	7			on deck	1	0	1512	129	20	8	130	134	17	7	5	4
90	20	7			on deck	1	0	1522	136	20	8	137	146	25	12	10	9
90	20	7			on deck	1	0	1515	152	20	8	153	162	25	4	10	9
90	20	7			on deck	1	0	1653	164	20	8	165	173	27	9	9	8
90	20	7			on deck	1	0	1670	174	20	8	175	182	21	14	8	7
90	20	7			on deck	1	0	1516	193	20	8	194	199	18	5	6	5
90	20	7			on deck	1	0	1658	210	20	8	211	220	15	12	10	9
90	20	7			on deck	1	0	1525	227	20	8	228	236	24	12	9	8
90	20	7			on deck	1	0	1523	239	20	8	240	245	20	13	6	5
90	20	7			on deck	1	0	1673	264	20	8	265	272	20	15	8	7
90	20	7			on deck	1	0	1667	276	20	8	277	286	17	2	10	9
90	20	7			on deck	1	0	1022	286	17	5	291	296	19	2	10	5
90	20	7			on deck	1	0	1661	317	20	8	318	332	27	1	15	14
90	20	7			on deck	1	0	1247	337	20	9	339	347	26	11	10	8
91	2	9			on deck	1	0	1091	35	0	10	38	45	-4	13	10	7
91	-4	13			on deck	1	0	1081	55	0	10	62	67	-2	13	12	5
91	-4	13			on deck	1	0	1099	79	0	10	86	95	-2	17	16	9
91	-4	13			on deck	1	0	1	102	1	10	110	119	6	14	17	9
91	-4	13			on deck	1	0	1101	130	0	10	137	147	4	4	17	10
91	-4	13			on deck	1	0	1104	152	0	10	159	166	7	10	14	7
91	-4	13			on deck	1	0	1084	180	0	10	187	198	4	3	18	11
91	-4	13			on deck	1	0	1108	233	0	10	240	246	2	14	13	6
91	-4	13			on deck	1	0	1083	246	0	10	253	263	4	4	17	10
91	-4	13			on deck	1	0	1088	268	0	10	275	283	-4	14	15	8
91	-4	13			on deck	1	0	1086	294	0	10	301	308	3	14	14	7
91	-4	13			on deck	1	0	1092	314	0	10	321	327	-1	15	13	6
91	-4	13			on deck	1	0	1094	329	0	10	336	348	5	3	19	12
91	-4	13			on route	0	0	starting	353	-4	13	353	360	0	10		7
91	-4	13			on deck	1	0	1098	353	0	10	360	370	4	16	17	10
92	11	4			on deck	1	0	1409	45	9	1	50	55	8	5	10	5
92	8	5			on deck	1	0	617	56	10	2	61	70	16	5	14	9
92	8	5			on deck	1	0	711	73	9	4	75	82	9	11	9	7
92	8	5			on deck	1	0	703	85	9	4	87	96	13	9	11	9
92	8	5			on deck	1	0	713	97	9	4	99	104	9	9	7	5
92	8	5			on deck	1	0	1141	126	8	5	126	134	1	4	8	8
92	8	5			on deck	1	0	1162	143	8	5	143	148	4	4	5	5
92	8	5			on deck	1	0	1327	148	5	5	151	162	-1	0	14	11
92	8	5			on deck	1	0	708	168	9	4	170	172	10	5	4	2
92	8	5			on deck	1	0	1154	174	8	5	174	176	10	5	2	2
92	8	5			on deck	1	0	1158	178	8	5	178	182	11	6	4	4
92	8	5			on deck	1	0	619	182	10	2	187	195	3	1	13	8
92	8	5			on deck	1	0	528	195	11	2	201	205	15	2	10	4
92	8	5			on deck	1	0	1423	206	9	1	211	219	15	3	13	8
92	8	5			on deck	1	0	629	225	10	2	230	240	4	-2	15	10
92	8	5			on deck	1	0	695	242	9	4	244	247	7	5	5	3
92	8	5			on deck	1	0	1499	249	6	7	253	263	13	10	14	10
92	8	5			on deck	1	0	1740	264	9	3	267	278	16	-1	14	11
92	8	5			on deck	1	0	691	286	9	4	288	291	6	4	5	3
92	8	5			on deck	1	0	1147	291	8	5	291	297	13	6	6	6
92	8	5			on deck	1	0	1747	306	9	3	309	312	9	6	6	3
92	8	5			on deck	1	0	1161	317	8	5	317	328	3	-1	11	11
92	8	5			on deck	1	0	838	331	12	5	335	341	17	4	10	6
92	8	5			on deck	1	0	602	343	10	2	348	360	16	8	17	12
93	11	8			on deck	1	0	1002	26	11	8	26	33	7	5	7	7
93	7	5			on deck	1	0	331	40	3	5	44	55	9	10	15	11
93	7	5			on deck	1	0	1347	57	5	5	59	69	8	12	12	10
93	7	5			on deck	1	0	1340	69	5	5	71	78	8	9	9	7
93	7	5			on deck	1	0	1797	78	5	7	82	93	0	13	15	11
93	7	5			on deck	1	0	1328	94	5	5	96	102	3	1	8	6
93	7	5			on deck	1	0	1335	106	5	5	108	110	7	5	4	2
93	7	5			on deck	1	0	1799	111	5	7	115	123	4	14	12	8
93	7	5			on deck	1	0	1739	125	5	8	130	133	7	9	8	3
93	7	5			on deck	1	0	1790	146	5	7	150	157	11	6	11	7
93	7	5			on deck	1	0	1497	158	6	7	161	172	2	14	14	11
93	7	5			on deck	1	0	1793	184	5	7	188	197	2	13	13	9
93	7	5			on deck	1	0	359	201	3	5	205	215	9	9	14	10
93	7	5			on deck	1	0	1150	215	8	5	216	218	7	6	3	2
93	7	5			on deck	1	0	1498	223	6	7	226	232	3	4	9	6
93	7	5			on deck	1	0	409	235	4	4	239	245	3	-1	10	6
93	7	5			on deck	1	0	1470	249	6	7	252	257	5	3	8	5
93	7	5			on deck	1	0	1771	257	5	7	261	271	9	13	14	10
93	7	5			on deck	1	0	356	271	3	5	275	285	10	8	14	10
93	7	5			on deck	1	0	1783	291	5	7	295	303	12	8	12	8
93	7	5			on deck	1	0	1777	307	5	7	311	316	8	5	9	5
93	7	5			on deck	1	0	1164	332	8	5	333	344	1	1	12	11
93	7	5			on deck	1	0	1163	346	8	5	347	352	11	7	6	5
94	12	10			on deck	1	0	163	34	10	10	36	44	13	15	10	8
95	4	6			on deck	1	0	883	36	1	4	41	50	3	-3	14	9
96	8	6			on deck	1	0	1165	26	8	5	27	35	7	12	9	8
96	7	12			on deck	1	0	771	164	8	10	167	179	15	15	15	12
97	18	8			on deck	1	0	1506	33	20	8	35	40	18	11	7	5
97	18	11			on deck	1	0	1177	42	18	9	44	55	24	4	13	11
97	18	11			on deck	1	0	1184	55	18	9	57	60	19	11	5	3
97	18	11			on deck	1	0	978	62	18	9	64	67	18	12	5	3
97	18	11			on deck	1	0	973	68	18	9	70	79	14	14	11	9
97	18	11			on deck	1	0	965	89	18	9	91	94	18	12	5	3
97	18	11			on deck	1	0	1172	101	18	9	103	111	19	2	10	8
97	18	11			on deck	1	0	193	114	18	10	115	125	13	5	11	10
97	18	11			on deck	1	0	198	129	18	10	130	138	25	9	9	8
97	18	11			on deck	1	0	180	139	18	10	140	145	21	8	6	5
97	18	11			on deck	1	0	1193	150	18	9	152	156	17	12	6	4
97	18	11			on deck	1	0	1187	156	18	9	158	169	23	3	13	11
97	18	11			on deck	1	0	988	179	18	9	181	188	14	12	9	7
97	18	11			on deck	1	0	1199	195	18	9	197	202	23	9	7	5
97	18	11			on deck	1	0	206	206	18	10	207	215	17	17	9	8
97	18	11			on deck	1	0	970	220	18	9	222	226	15	8	6	4
97	18	11			on deck	1	0	976	227	18	9	229	231	16	9	4	2
97	18	11			on deck	1	0	964	239	18	9	241	247	21	6	8	6
97	18	11			on deck	1	0	966	249	18	9	251	256	14	10	7	5
97	18	11			on deck	1	0	182	270	18	10	271	277	14	12	7	6
97	18	11			on deck	1	0	187	298	18	10	299	310	26	7	12	11
97	18	11			on deck	1	0	197	314	18	10	315	319	17	7	5	4
97	18	11			on deck	1	0	971	335	18	9	337	348	13	15	13	11
97	18	11			on deck	1	0	205	354	18	10	355	363	11	11	9	8
98	12	4			on deck	1	0	479	35	12	5	36	45	7	9	10	9
98	7	9			on deck	1	0	1080	61	0	10	69	81	-7	15	20	12
98	7	9			on deck	1	0	1484	84	6	7	87	93	10	5	9	6
98	7	9			on deck	1	0	1495	94	6	7	97	106	10	12	12	9
98	7	9			on deck	1	0	1731	121	5	8	124	136	0	15	15	12
98	7	9			on deck	1	0	1151	150	8	5	155	165	2	1	15	10
98	7	9			on deck	1	0	15	165	1	10	172	182	-6	13	17	10
98	7	9			on deck	1	0	1475	183	6	7	186	197	2	14	14	11
98	7	9			on deck	1	0	1711	197	5	8	200	212	-1	2	15	12
98	7	9			on deck	1	0	1477	215	6	7	218	225	12	6	10	7
98	7	9			on deck	1	0	1725	246	5	8	249	259	0	3	13	10
98	7	9			on deck	1	0	1493	261	6	7	264	266	8	7	5	2
98	7	9			on deck	1	0	1719	266	5	8	269	280	12	12	14	11
98	7	9			on deck	1	0	1479	295	6	7	298	310	-1	2	15	12
98	7	9			on deck	1	0	1713	314	5	8	317	329	11	14	15	12
98	7	9			on deck	1	0	21	333	1	10	340	353	7	17	20	13
98	7	9			on route	0	0	starting	358	7	9	358	360	8	10		2
98	7	9			on deck	1	0	765	358	8	10	360	368	11	5	10	8
99	0	10			on deck	1	0	1093	28	0	10	28	38	7	13	10	10
100	17	10			on deck	1	0	189	30	18	10	31	38	18	17	8	7
101	9	8			on deck	1	0	1625	25	9	10	27	36	14	6	11	9
101	14	6			on deck	1	0	238	52	15	6	53	60	9	5	8	7
101	14	6			on deck	1	0	123	74	16	6	76	85	13	12	11	9
101	14	6			on deck	1	0	463	96	12	5	99	109	15	12	13	10
101	14	6			on deck	1	0	43	114	15	6	115	125	8	9	11	10
101	14	6			on deck	1	0	59	126	15	6	127	130	18	6	4	3
101	14	6			on deck	1	0	560	132	14	7	133	145	21	12	13	12
101	14	6			on deck	1	0	225	145	15	6	146	152	9	6	7	6
101	14	6			on deck	1	0	1060	164	14	7	165	172	19	9	8	7
101	14	6			on deck	1	0	821	183	12	5	186	193	17	3	10	7
101	14	6			on deck	1	0	1133	193	11	7	197	209	6	0	16	12
101	14	6			on deck	1	0	226	223	15	6	224	236	10	13	13	12
101	14	6			on deck	1	0	465	238	12	5	241	249	6	3	11	8
101	14	6			on deck	1	0	33	254	15	6	255	261	20	5	7	6
101	14	6			on deck	1	0	1078	274	14	7	275	279	12	5	5	4
101	14	6			on deck	1	0	129	283	16	6	285	287	15	7	4	2
101	14	6			on deck	1	0	550	289	14	7	290	298	13	14	9	8
101	14	6			on deck	1	0	1064	298	14	7	299	302	16	8	4	3
101	14	6			on deck	1	0	545	302	14	7	303	313	21	10	11	10
101	14	6			on deck	1	0	1059	320	14	7	321	328	15	1	8	7
101	14	6			on deck	1	0	564	329	14	7	330	339	11	13	10	9
101	14	6			on deck	1	0	228	339	15	6	340	345	17	9	6	5
101	14	6			on deck	1	0	141	346	16	6	348	351	19	6	5	3
101	14	6			on deck	1	0	210	353	15	6	354	359	13	9	6	5
101	14	6			on route	0	0	starting	359	14	6	359	360	14	7		1
101	14	6			on deck	1	0	555	359	14	7	360	369	17	13	10	9
102	2	3			on deck	1	0	1709	27	1	4	29	37	8	5	10	8
102	8	5			on deck	1	0	1389	46	9	1	51	59	13	5	13	8
102	8	5			on deck	1	0	1166	64	8	5	64	73	6	-2	9	9
102	8	5			on deck	1	0	1167	86	8	5	86	98	14	11	12	12
102	8	5			on deck	1	0	620	100	10	2	105	118	16	-5	18	13
102	8	5			on deck	1	0	1763	123	9	3	126	131	6	1	8	5
102	8	5			on deck	1	0	601	139	10	2	144	151	10	9	12	7
102	8	5			on deck	1	0	610	151	10	2	156	162	16	2	11	6
102	8	5			on deck	1	0	712	163	9	4	165	173	15	2	10	8
102	8	5			on deck	1	0	605	183	10	2	188	193	12	5	10	5
102	8	5			on deck	1	0	1485	193	6	7	197	201	6	3	8	4
102	8	5			on deck	1	0	1779	201	5	7	206	214	11	5	13	8
102	8	5			on deck	1	0	623	214	10	2	219	231	17	-3	17	12
102	8	5			on deck	1	0	707	235	9	4	237	245	14	7	10	8
102	8	5			on deck	1	0	717	245	9	4	247	254	2	4	9	7
102	8	5			on deck	1	0	1434	254	9	1	259	273	16	8	19	14
102	8	5			on deck	1	0	1140	278	8	5	278	287	10	12	9	9
102	8	5			on deck	1	0	1760	288	9	3	291	297	10	8	9	6
102	8	5			on deck	1	0	626	323	10	2	328	338	5	-3	15	10
102	8	5			on deck	1	0	533	338	11	2	344	357	17	9	19	13
102	8	5			on deck	1	0	1152	357	8	5	357	369	15	0	12	12
103	2	10			on deck	1	0	10	31	1	10	32	41	7	13	10	9
104	1	1			on deck	1	0	1292	31	1	5	35	41	3	1	10	6
104	3	1			on deck	1	0	358	41	3	5	45	54	-1	0	13	9
104	3	1			on deck	1	0	1468	62	3	1	62	75	-4	-5	13	13
104	3	1			on deck	1	0	93	76	3	3	78	86	0	-2	10	8
104	3	1			on deck	1	0	98	92	3	3	94	108	-4	-4	16	14
104	3	1			on deck	1	0	1449	110	3	1	110	120	-2	-4	10	10
104	3	1			on deck	1	0	1465	123	3	1	123	123	3	1	0	0
104	3	1			on deck	1	0	1461	136	3	1	136	141	2	-3	5	5
104	3	1			on deck	1	0	1593	147	4	0	149	151	5	-1	4	2
104	3	1			on deck	1	0	1467	154	3	1	154	158	6	2	4	4
104	3	1			on deck	1	0	68	165	3	3	167	178	10	7	13	11
104	3	1			on deck	1	0	1445	180	3	1	180	184	3	-3	4	4
104	3	1			on deck	1	0	400	190	4	4	194	202	9	7	12	8
104	3	1			on deck	1	0	1450	203	3	1	203	214	7	8	11	11
104	3	1			on deck	1	0	1466	215	3	1	215	227	9	7	12	12
104	3	1			on deck	1	0	67	228	3	3	230	237	0	-1	9	7
104	3	1			on deck	1	0	1440	246	3	1	246	257	8	7	11	11
104	3	1			on deck	1	0	61	263	3	3	265	274	8	7	11	9
104	3	1			on deck	1	0	397	274	4	4	278	288	9	9	14	10
104	3	1			on deck	1	0	77	291	3	3	293	300	4	-3	9	7
104	3	1			on deck	1	0	1453	321	3	1	321	325	6	0	4	4
104	3	1			on deck	1	0	110	331	3	3	333	346	-3	-4	15	13
104	3	1			on deck	1	0	1464	352	3	1	352	354	2	0	2	2
105	15	2			on deck	1	0	1580	34	16	5	38	44	22	5	10	6
105	22	5			on deck	1	0	440	55	18	3	61	75	11	10	20	14
105	22	5			on deck	1	0	788	75	20	5	77	86	14	8	11	9
105	22	5			on deck	1	0	784	97	20	5	99	107	22	-1	10	8
105	22	5			on deck	1	0	797	179	20	5	181	189	25	2	10	8
105	22	5			on deck	1	0	795	237	20	5	239	247	13	6	10	8
105	22	5			on deck	1	0	800	248	20	5	250	261	26	0	13	11
105	22	5			on deck	1	0	798	320	20	5	322	324	22	5	4	2
106	15.0	3			on deck	1	0	268	28	19	4	29	32	17	3	4	3
106	15.0	3			on deck	2	1	434	31	18	3	33	36	20	2	5	3
106	17	3			on deck	1	0	421	36	18	3	37	43	20	-1	7	6
106	17	3			on deck	1	0	295	48	18	2	50	62	25	7	14	12
106	17	3			on deck	1	0	425	62	18	3	63	70	20	8	8	7
106	17	3			on deck	1	0	1044	73	17	5	75	81	18	0	8	6
106	17	3			on deck	1	0	285	92	18	2	94	99	16	5	7	5
106	17	3			on deck	1	0	443	116	18	3	117	123	21	6	7	6
106	17	3			on deck	1	0	1038	132	17	5	134	140	15	9	8	6
106	17	3			on deck	1	0	1031	142	17	5	144	155	11	10	13	11
106	17	3			on deck	1	0	287	157	18	2	159	166	22	5	9	7
106	17	3			on deck	1	0	912	171	19	3	173	179	16	6	8	6
106	17	3			on deck	1	0	913	184	19	3	186	197	14	9	13	11
106	17	3			on deck	1	0	445	224	18	3	225	233	20	9	9	8
106	17	3			on deck	1	0	1270	234	20	2	238	246	23	-3	12	8
106	17	3			on deck	1	0	916	260	19	3	262	270	22	8	10	8
106	17	3			on deck	1	0	446	275	18	3	276	284	24	1	9	8
106	17	3			on deck	1	0	288	284	18	2	286	289	15	2	5	3
106	17	3			on deck	1	0	420	298	18	3	299	309	22	9	11	10
106	17	3			on deck	1	0	444	313	18	3	314	320	23	2	7	6
106	17	3			on deck	1	0	1588	326	16	5	329	338	20	10	12	9
106	17	3			on deck	1	0	1570	345	16	5	348	357	18	12	12	9
107	12	10			on deck	1	0	940	34	13	10	35	39	17	10	5	4
107	17	10			on deck	1	0	196	42	18	10	43	46	17	12	4	3
107	17	10			on deck	1	0	972	46	18	9	48	54	13	8	8	6
107	17	10			on deck	1	0	961	54	18	9	56	65	15	15	11	9
107	17	10			on deck	1	0	1190	68	18	9	70	78	15	4	10	8
107	17	10			on deck	1	0	984	79	18	9	81	88	11	9	9	7
107	17	10			on deck	1	0	1196	98	18	9	100	106	23	8	8	6
107	17	10			on deck	1	0	1178	107	18	9	109	118	20	16	11	9
107	17	10			on deck	1	0	194	124	18	10	125	131	18	4	7	6
107	17	10			on deck	1	0	1185	132	18	9	134	144	22	15	12	10
107	17	10			on deck	1	0	960	146	18	9	148	157	25	7	11	9
107	17	10			on deck	1	0	192	158	18	10	159	168	15	4	10	9
107	17	10			on deck	1	0	1175	183	18	9	185	190	13	9	7	5
107	17	10			on deck	1	0	1171	195	18	9	197	201	19	6	6	4
107	17	10			on deck	1	0	967	203	18	9	205	206	18	8	3	1
107	17	10			on deck	1	0	979	212	18	9	214	219	22	10	7	5
107	17	10			on deck	1	0	1180	221	18	9	223	234	14	16	13	11
107	17	10			on deck	1	0	191	236	18	10	237	241	16	8	5	4
107	17	10			on deck	1	0	1176	244	18	9	246	256	24	5	12	10
107	17	10			on deck	1	0	208	264	18	10	265	271	19	15	7	6
107	17	10			on deck	1	0	982	271	18	9	273	274	18	8	3	1
107	17	10			on deck	1	0	1192	274	18	9	276	285	25	7	11	9
107	17	10			on deck	1	0	209	302	18	10	303	305	19	11	3	2
107	17	10			on deck	1	0	200	317	18	10	318	328	11	7	11	10
107	17	10			on deck	1	0	962	334	18	9	336	342	20	13	8	6
107	17	10			on deck	1	0	185	346	18	10	347	352	20	13	6	5
107	17	10			on deck	1	0	190	355	18	10	356	365	16	3	10	9
108	13	9			on deck	1	0	481	33	15	9	35	46	9	14	13	11
109	11	7			on deck	1	0	1013	34	11	8	35	46	5	13	12	11
109	5	13			on deck	1	0	1723	78	5	8	83	89	3	4	11	6
109	5	13			on deck	1	0	1795	92	5	7	98	103	5	2	11	5
109	5	13			on deck	1	0	1722	122	5	8	127	134	3	13	12	7
109	5	13			on deck	1	0	1791	152	5	7	158	165	4	13	13	7
109	5	13			on deck	1	0	1082	181	0	10	189	200	7	14	19	11
109	5	13			on deck	1	0	25	206	1	10	213	218	3	13	12	5
109	5	13			on deck	1	0	26	225	1	10	232	240	4	15	15	8
109	5	13			on deck	1	0	1717	272	5	8	277	286	2	14	14	9
109	5	13			on deck	1	0	9	293	1	10	300	306	1	4	13	6
109	5	13			on deck	1	0	8	315	1	10	322	330	7	8	15	8
109	5	13			on deck	1	0	1716	348	5	8	353	359	9	10	11	6
110	4	2			on deck	1	0	392	26	4	4	28	38	9	9	12	10
110	9	9			on deck	1	0	1792	66	5	7	72	81	2	1	15	9
110	9	9			on deck	1	0	1637	82	9	10	83	91	16	11	9	8
110	9	9			on deck	1	0	760	93	8	10	95	99	11	11	6	4
110	9	9			on deck	1	0	1623	103	9	10	104	116	4	17	13	12
110	9	9			on deck	1	0	1627	117	9	10	118	119	10	10	2	1
110	9	9			on deck	1	0	1636	122	9	10	123	135	4	3	13	12
110	9	9			on deck	1	0	997	148	11	8	151	159	15	12	11	8
110	9	9			on deck	1	0	762	160	8	10	162	175	3	18	15	13
110	9	9			on deck	1	0	1632	175	9	10	176	185	13	5	10	9
110	9	9			on deck	1	0	1496	187	6	7	192	199	9	11	12	7
110	9	9			on deck	1	0	1476	211	6	7	216	223	7	13	12	7
110	9	9			on deck	1	0	1648	224	9	10	225	233	9	18	9	8
110	9	9			on deck	1	0	169	242	10	10	244	256	17	5	14	12
110	9	9			on deck	1	0	1015	257	11	8	260	263	8	8	6	3
110	9	9			on deck	1	0	1634	280	9	10	281	284	11	11	4	3
110	9	9			on deck	1	0	1645	293	9	10	294	303	8	18	10	9
110	9	9			on deck	1	0	1633	324	9	10	325	329	7	8	5	4
110	9	9			on deck	1	0	1644	336	9	10	337	346	16	8	10	9
111	1	10			on deck	1	0	22	27	1	10	27	37	8	13	10	10
112	6	2			on deck	1	0	874	42	1	4	49	61	6	-3	19	12
113	11	0			on deck	1	0	527	31	11	2	33	42	6	-2	11	9
113	6	-2			on deck	1	0	306	206	10	0	212	224	17	5	18	12
113	6	-2			on deck	1	0	383	232	6	0	234	242	-1	1	10	8
114	12	8			on deck	1	0	1012	35	11	8	36	39	11	11	4	3
114	11	11			on deck	1	0	945	60	13	10	63	67	16	9	7	4
114	11	11			on deck	1	0	166	76	10	10	78	83	10	5	7	5
114	11	11			on deck	1	0	994	87	11	8	90	94	12	11	7	4
114	11	11			on deck	1	0	950	96	13	10	99	107	17	14	11	8
114	11	11			on deck	1	0	933	124	13	10	127	135	17	14	11	8
114	11	11			on deck	1	0	177	135	10	10	137	141	13	11	6	4
114	11	11			on deck	1	0	174	149	10	10	151	164	3	16	15	13
114	11	11			on deck	1	0	1120	195	11	7	199	210	18	3	15	11
114	11	11			on deck	1	0	153	225	10	10	227	234	6	13	9	7
114	11	11			on deck	1	0	1018	243	11	8	246	252	15	6	9	6
114	11	11			on deck	1	0	957	284	13	10	287	294	7	9	10	7
114	11	11			on deck	1	0	1017	340	11	8	343	351	16	11	11	8
114	11	11			on deck	1	0	947	355	13	10	358	363	15	7	8	5
115	3	7			on deck	1	0	1687	36	1	4	41	44	2	2	8	3
115	2	2			on deck	1	0	1298	70	1	5	74	84	8	8	14	10
115	2	2			on deck	1	0	1348	91	5	5	97	106	0	1	15	9
115	2	2			on deck	1	0	70	120	3	3	122	132	10	6	12	10
115	2	2			on deck	1	0	1707	140	1	4	143	147	0	1	7	4
115	2	2			on deck	1	0	1701	148	1	4	151	157	2	-1	9	6
115	2	2			on deck	1	0	1307	157	1	5	161	168	8	5	11	7
115	2	2			on deck	1	0	62	168	3	3	170	178	7	7	10	8
115	2	2			on deck	1	0	1456	181	3	1	183	186	5	0	5	3
115	2	2			on deck	1	0	95	199	3	3	201	213	8	10	14	12
115	2	2			on deck	1	0	1444	220	3	1	222	232	-2	-4	12	10
115	2	2			on deck	1	0	107	251	3	3	253	255	4	4	4	2
115	2	2			on deck	1	0	1446	255	3	1	257	260	3	4	5	3
115	2	2			on deck	1	0	1705	262	1	4	265	265	1	4	3	0
115	2	2			on deck	1	0	1469	265	3	1	267	267	3	1	2	0
115	2	2			on deck	1	0	119	272	3	3	274	278	0	2	6	4
115	2	2			on deck	1	0	355	278	3	5	282	288	4	0	10	6
115	2	2			on deck	1	0	333	288	3	5	292	299	6	1	11	7
115	2	2			on deck	1	0	898	318	1	4	321	322	0	4	4	1
115	2	2			on deck	1	0	1448	335	3	1	337	339	1	1	4	2
115	2	2			on deck	1	0	652	340	3	3	342	344	4	2	4	2
115	2	2			on deck	1	0	1688	350	1	4	353	361	6	1	11	8
116	4	10			on deck	1	0	24	43	1	10	46	54	3	4	11	8
116	3	4			on deck	1	0	413	59	4	4	60	70	-1	-1	11	10
116	3	4			on deck	1	0	75	70	3	3	71	74	5	2	4	3
116	3	4			on deck	1	0	109	75	3	3	76	81	5	0	6	5
116	3	4			on deck	1	0	85	83	3	3	84	88	0	4	5	4
116	3	4			on deck	1	0	1337	89	5	5	92	100	4	-2	11	8
116	3	4			on deck	1	0	644	102	3	3	103	110	0	-1	8	7
116	3	4			on deck	1	0	344	115	3	5	116	129	10	11	14	13
116	3	4			on deck	1	0	1696	136	1	4	138	143	4	2	7	5
116	3	4			on deck	1	0	892	143	1	4	145	151	2	-1	8	6
116	3	4			on deck	1	0	63	152	3	3	153	161	7	7	9	8
116	3	4			on deck	1	0	1341	164	5	5	167	175	-1	3	11	8
116	3	4			on deck	1	0	1703	176	1	4	178	182	-1	2	6	4
116	3	4			on deck	1	0	60	182	3	3	183	185	3	1	3	2
116	3	4			on deck	1	0	408	186	4	4	187	192	6	1	6	5
116	3	4			on deck	1	0	1773	196	5	7	201	213	-1	1	17	12
116	3	4			on deck	1	0	334	215	3	5	216	221	4	1	6	5
116	3	4			on deck	1	0	881	226	1	4	228	232	3	2	6	4
116	3	4			on deck	1	0	1303	233	1	5	236	241	5	4	8	5
116	3	4			on deck	1	0	390	249	4	4	250	253	3	2	4	3
116	3	4			on deck	1	0	1458	253	3	1	256	259	4	3	6	3
116	3	4			on deck	1	0	870	260	1	4	262	273	7	9	13	11
116	3	4			on deck	1	0	71	274	3	3	275	281	2	-2	7	6
116	3	4			on deck	1	0	97	282	3	3	283	284	4	3	2	1
116	3	4			on deck	1	0	111	287	3	3	288	292	5	1	5	4
116	3	4			on deck	1	0	414	311	4	4	312	321	9	8	10	9
116	3	4			on deck	1	0	876	322	1	4	324	336	7	10	14	12
116	3	4			on deck	1	0	393	336	4	4	337	344	8	7	8	7
116	3	4			on deck	1	0	354	345	3	5	346	352	1	1	7	6
116	3	4			on deck	1	0	73	354	3	3	355	359	1	1	5	4
117	16	0			on deck	1	0	1531	32	15	0	33	40	21	1	8	7
117	21	1			on deck	1	0	856	42	19	1	44	56	25	-5	14	12
117	21	1			on deck	1	0	577	56	20	2	58	65	26	3	9	7
117	21	1			on deck	1	0	846	69	19	1	71	79	20	-6	10	8
117	21	1			on deck	1	0	855	97	19	1	99	107	18	8	10	8
117	21	1			on deck	1	0	847	157	19	1	159	170	26	-3	13	11
117	21	1			on deck	1	0	859	177	19	1	179	182	19	4	5	3
117	21	1			on deck	1	0	596	185	20	2	187	193	16	4	8	6
117	21	1			on deck	1	0	842	197	19	1	199	204	24	1	7	5
117	21	1			on deck	1	0	662	222	19	0	225	238	13	7	16	13
117	21	1			on deck	1	0	580	251	20	2	253	262	27	0	11	9
117	21	1			on deck	1	0	1276	285	20	2	287	298	14	7	13	11
117	21	1			on deck	1	0	594	325	20	2	327	336	17	8	11	9
117	21	1			on deck	1	0	581	337	20	2	339	344	19	-2	7	5
117	21	1			on deck	1	0	1272	344	20	2	346	355	24	7	11	9
117	21	1			on deck	1	0	840	357	19	1	359	369	16	8	12	10
118	18	2			on deck	1	0	572	32	20	2	34	43	22	-5	11	9
119	13	4			on deck	1	0	734	44	12	1	48	62	19	8	18	14
119	19	8			on deck	1	0	1666	63	20	8	64	75	15	2	12	11
119	19	8			on deck	1	0	1182	75	18	9	77	83	16	5	8	6
119	19	8			on deck	1	0	1659	84	20	8	85	92	15	10	8	7
119	19	8			on deck	1	0	1246	92	20	9	94	105	13	5	13	11
119	19	8			on deck	1	0	1197	106	18	9	108	113	18	14	7	5
119	19	8			on deck	1	0	1501	117	20	8	118	124	15	9	7	6
119	19	8			on deck	1	0	1675	131	20	8	132	133	19	8	2	1
119	19	8			on deck	1	0	1669	139	20	8	140	149	15	12	10	9
119	19	8			on deck	1	0	1173	149	18	9	151	153	19	10	4	2
119	19	8			on deck	1	0	987	154	18	9	156	166	12	13	12	10
119	19	8			on deck	1	0	1371	172	19	6	174	181	13	5	9	7
119	19	8			on deck	1	0	1243	181	20	9	183	192	13	11	11	9
119	19	8			on deck	1	0	1508	194	20	8	195	198	21	6	4	3
119	19	8			on deck	1	0	963	198	18	9	200	207	24	10	9	7
119	19	8			on deck	1	0	1654	209	20	8	210	215	21	4	6	5
119	19	8			on deck	1	0	1179	223	18	9	225	232	18	16	9	7
119	19	8			on deck	1	0	1248	235	20	9	237	247	16	15	12	10
119	19	8			on deck	1	0	981	252	18	9	254	257	17	7	5	3
119	19	8			on deck	1	0	1652	259	20	8	260	268	19	1	9	8
119	19	8			on deck	1	0	1502	281	20	8	282	292	13	5	11	10
119	19	8			on deck	1	0	1524	296	20	8	297	304	24	11	8	7
119	19	8			on deck	1	0	1529	307	20	8	308	309	20	9	2	1
119	19	8			on deck	1	0	980	312	18	9	314	322	23	12	10	8
119	19	8			on deck	1	0	1170	326	18	9	328	335	14	6	9	7
119	19	8			on deck	1	0	1186	335	18	9	337	343	14	11	8	6
119	19	8			on deck	1	0	1526	357	20	8	358	365	20	15	8	7
